7
1
41	11	36	12	-1	-1	16	35	46	49	45	43	32	42	-1	34	8	24	33	17	21	15	4	27	-1	44	6	48	9	2	39	-1	3	22	38	47	18	10	20	30	31	7	13	40	28	26	37	23	25
17	13	23	15	49	18	26	37	29	24	25	41	38	3	39	9	48	-1	12	43	20	5	30	33	-1	19	32	40	-1	21	36	28	34	4	45	1	22	6	35	11	14	42	31	-1	8	27	44	7	10
2	48	-1	38	46	5	44	-1	-1	36	-1	31	12	11	28	4	13	1	32	7	45	26	9	35	41	25	22	20	23	42	33	14	43	24	18	40	34	16	27	19	17	3	49	29	-1	47	21	6	30
31	45	39	6	3	30	14	-1	5	1	34	20	-1	22	42	46	10	29	37	15	26	8	7	-1	49	18	2	13	47	48	11	19	-1	27	25	-1	-1	36	24	4	32	41	33	38	9	43	17	35	12
32	-1	27	7	21	8	33	13	23	4	9	39	14	2	40	35	30	44	47	5	22	45	36	16	10	17	42	34	1	29	6	41	31	49	12	46	38	48	28	37	-1	26	11	-1	3	19	-1	20	24
24	47	28	-1	9	34	19	-1	7	-1	6	17	30	33	14	36	38	-1	2	11	27	31	23	37	-1	1	46	-1	35	-1	10	16	15	20	26	39	29	13	21	-1	12	49	-1	45	22	4	48	5	32
-1	20	10	40	43	35	22	26	-1	48	27	28	19	47	-1	6	3	31	23	25	41	24	-1	29	39	12	21	11	44	7	32	30	13	37	17	5	8	45	15	9	-1	2	36	-1	1	34	42	14	46
9	35	33	11	12	46	8	3	19	5	-1	21	39	17	29	2	37	25	16	42	6	23	32	14	44	20	31	1	40	22	18	13	45	48	-1	36	49	30	7	38	41	4	28	47	27	24	34	15	-1
7	23	42	-1	17	13	40	12	49	18	31	48	9	14	5	11	1	39	21	3	43	10	25	4	37	28	38	36	24	30	15	20	47	2	19	27	6	33	8	34	26	16	35	44	45	46	22	41	-1
3	39	26	1	-1	22	20	4	37	29	33	38	8	43	24	-1	-1	30	41	28	15	35	5	12	-1	47	11	-1	36	6	34	44	9	42	21	45	31	25	19	2	46	17	48	32	49	18	14	-1	13
43	37	38	-1	28	44	10	30	11	16	36	7	20	45	34	40	14	35	22	48	49	6	19	18	15	39	13	46	41	4	27	32	8	-1	33	12	21	1	9	23	47	24	42	3	25	-1	-1	31	17
19	-1	30	27	48	2	6	47	34	46	32	24	25	10	38	-1	31	-1	45	4	36	9	3	7	-1	22	16	41	12	14	35	23	-1	1	5	28	-1	15	44	29	42	13	20	21	40	39	33	11	37
14	36	4	49	25	21	45	23	44	15	40	13	1	41	17	10	18	47	27	33	12	2	42	24	43	34	48	-1	11	46	3	38	26	28	31	-1	5	22	37	32	39	20	19	8	-1	-1	9	16	7
47	29	34	24	31	41	15	6	22	35	42	2	27	28	46	13	32	20	19	9	-1	33	45	49	30	8	26	21	43	37	17	25	39	16	7	10	40	3	14	48	18	11	23	4	36	-1	1	38	5
-1	22	46	26	37	14	41	32	20	34	43	19	7	6	12	21	42	36	9	30	13	40	33	11	29	10	44	28	8	3	25	39	24	-1	4	48	23	17	18	-1	-1	35	45	5	31	1	27	49	-1
20	-1	3	30	36	47	13	8	-1	22	28	15	48	38	7	16	4	17	44	6	37	-1	41	-1	12	-1	43	31	2	1	29	33	18	5	34	26	10	49	-1	45	19	14	46	11	32	-1	24	-1	23
16	8	17	33	29	1	12	27	-1	31	21	42	41	26	20	14	49	48	11	18	2	47	34	-1	5	24	25	19	15	40	45	43	6	23	46	7	37	32	-1	44	4	9	-1	13	35	38	28	39	22
35	-1	9	10	44	4	48	5	-1	14	30	45	23	49	27	29	15	22	40	47	8	-1	46	3	6	26	1	17	21	-1	13	42	19	11	28	33	12	24	31	39	38	36	-1	34	20	37	18	2	16
42	40	2	28	19	24	11	-1	39	33	16	37	47	4	23	38	46	34	3	32	1	30	8	21	-1	9	20	49	10	36	31	-1	14	7	48	25	41	27	5	13	22	15	43	17	26	29	6	12	44
-1	27	31	18	38	6	5	29	12	13	44	9	36	1	10	39	24	43	25	45	28	16	2	48	23	14	35	7	37	-1	22	17	32	47	20	42	11	-1	46	8	30	21	4	33	15	3	19	40	41
34	32	-1	45	23	39	7	17	24	11	2	46	-1	40	31	19	35	41	5	-1	33	18	13	38	22	15	4	37	30	49	44	12	16	9	27	29	1	43	47	6	20	-1	8	42	48	21	10	36	14
26	16	20	23	40	3	38	46	47	41	13	4	37	15	33	49	22	9	31	8	17	7	35	19	48	29	12	6	28	-1	42	2	1	-1	-1	18	32	-1	-1	43	25	27	21	39	14	44	5	45	34
33	12	19	13	8	42	25	21	36	10	48	14	34	9	45	1	-1	46	20	27	16	-1	26	2	-1	31	23	24	3	32	47	18	5	35	43	44	28	40	41	17	29	39	37	30	4	49	7	22	15
21	44	-1	37	11	49	-1	40	43	20	39	33	17	29	4	25	23	7	26	36	-1	34	16	22	1	13	5	47	38	45	9	8	27	6	41	31	-1	14	-1	12	15	46	-1	28	24	48	35	3	18
46	6	-1	43	5	-1	4	28	1	3	19	12	22	16	47	32	21	14	29	10	42	36	49	25	18	27	30	15	34	31	26	37	-1	40	39	2	7	-1	33	20	-1	45	9	23	41	11	13	17	8
29	28	-1	36	24	45	39	31	-1	32	18	26	44	25	35	3	11	2	38	-1	-1	14	17	41	4	46	37	10	22	19	7	48	12	-1	23	49	9	47	6	5	21	8	27	20	16	33	-1	42	1
18	17	1	9	34	31	47	2	27	38	-1	-1	11	23	44	30	12	-1	-1	41	5	3	43	45	33	32	39	42	16	20	4	15	21	14	49	19	-1	35	48	22	13	37	25	46	10	40	36	29	6
22	10	41	-1	7	27	2	49	6	-1	35	5	42	24	18	37	39	15	43	13	48	20	40	8	28	21	9	44	17	25	30	-1	46	33	29	16	4	23	34	36	3	1	12	26	19	-1	38	47	31
44	41	24	-1	35	36	34	14	38	21	-1	16	28	20	3	48	43	45	6	2	9	12	31	40	32	33	49	23	25	11	5	4	30	19	8	15	27	7	17	47	37	-1	29	1	42	10	39	13	26
27	19	48	2	-1	16	29	42	-1	12	47	23	40	18	1	31	20	38	34	44	11	-1	6	10	24	-1	36	35	14	43	49	-1	7	39	22	9	30	4	13	26	28	-1	15	-1	5	41	8	21	45
12	42	45	8	30	9	37	25	32	44	3	6	35	5	22	47	28	13	-1	19	23	39	11	26	46	2	29	4	31	17	21	24	36	15	1	20	33	41	38	10	34	48	18	7	43	-1	49	27	40
10	5	14	47	33	20	-1	19	41	39	49	36	4	30	26	15	27	37	8	40	-1	21	44	1	25	48	18	-1	13	-1	23	29	38	32	6	43	45	42	2	-1	16	31	34	12	11	17	46	-1	28
40	15	6	31	13	-1	21	-1	26	43	17	1	45	7	32	18	16	4	10	39	-1	37	27	30	19	5	28	8	33	-1	-1	34	41	3	42	24	36	29	-1	49	11	12	14	-1	38	35	47	48	20
23	1	-1	4	18	17	28	24	48	27	8	11	15	46	41	33	25	42	35	12	29	13	14	34	16	43	-1	-1	45	10	37	40	20	26	47	3	39	19	22	21	5	-1	6	36	30	31	2	44	9
11	26	7	39	22	38	43	34	31	2	37	29	10	13	21	5	36	49	17	24	30	42	47	15	20	45	41	9	18	35	28	27	-1	12	16	-1	-1	44	1	46	6	-1	32	19	33	23	4	25	3
48	14	5	25	15	43	1	7	45	42	11	34	29	19	-1	24	33	40	46	37	-1	49	22	23	35	4	27	39	26	-1	16	36	-1	21	-1	30	47	20	12	41	10	38	17	9	44	8	31	18	2
39	4	18	44	10	37	32	36	3	9	41	30	5	12	8	45	34	11	48	35	38	25	24	17	2	6	19	33	7	-1	14	1	29	-1	40	13	46	21	26	31	23	22	16	15	47	42	20	28	49
36	38	16	-1	20	33	-1	43	14	17	-1	-1	26	39	13	41	2	27	15	29	31	-1	21	47	9	7	40	12	6	34	8	22	4	18	32	37	3	28	42	1	35	44	-1	24	23	5	-1	30	11
13	-1	22	-1	2	12	17	-1	28	6	-1	10	49	27	-1	42	5	23	30	20	39	44	1	43	26	16	8	14	19	15	38	47	37	31	11	-1	24	18	25	40	-1	29	3	35	21	7	41	46	33
28	7	21	29	26	40	35	22	2	23	-1	32	24	8	43	12	44	10	18	16	47	46	37	31	11	38	-1	45	42	33	41	49	17	30	9	6	15	39	4	14	48	5	-1	27	13	36	25	34	19
30	31	47	3	27	11	42	15	40	37	1	44	13	35	-1	17	26	21	49	22	4	-1	18	20	36	41	10	5	48	23	12	45	2	46	24	-1	19	8	-1	7	9	33	39	6	29	-1	32	43	38
45	24	8	41	6	23	46	33	16	47	-1	18	31	21	9	28	19	3	7	1	-1	29	-1	13	42	30	34	32	5	39	20	10	35	25	44	11	17	2	-1	27	36	43	-1	-1	37	22	12	26	4
-1	33	44	22	47	15	24	39	13	26	29	49	2	36	48	27	41	-1	42	21	10	1	12	5	-1	11	17	-1	32	18	46	7	23	45	30	4	16	-1	43	28	40	6	-1	14	34	20	3	-1	35
25	3	29	21	42	-1	-1	45	-1	8	10	35	6	48	15	22	-1	33	13	31	34	43	20	44	7	-1	47	16	39	-1	1	9	11	17	14	38	2	46	32	18	-1	30	24	41	12	28	-1	19	36
37	30	-1	20	14	28	31	41	15	19	24	40	18	34	11	43	-1	32	-1	46	25	22	39	9	21	23	33	3	29	38	48	26	10	44	2	17	35	12	36	42	-1	47	-1	49	7	6	16	8	27
1	2	-1	35	41	19	-1	38	42	7	5	-1	46	32	37	8	17	12	28	23	-1	4	29	-1	-1	49	45	30	20	16	40	21	22	36	15	14	25	26	39	24	44	10	47	31	18	13	-1	-1	48
38	49	11	-1	45	32	36	20	9	25	23	3	-1	44	30	7	-1	6	1	14	18	-1	-1	46	-1	35	24	26	27	12	43	31	-1	41	37	21	48	5	29	33	8	34	22	10	2	15	40	4	39
6	34	40	16	4	10	23	1	17	30	12	47	43	37	2	44	9	5	39	38	35	41	48	42	-1	36	14	18	49	28	24	3	33	8	13	22	20	31	11	15	-1	19	26	25	46	45	29	32	21
-1	46	12	48	39	7	18	11	21	28	14	22	33	31	-1	20	29	26	36	49	24	38	-1	32	8	40	15	2	4	47	19	6	25	34	35	41	-1	37	45	3	27	23	44	43	17	9	30	1	42
