9
1
33	50	66	45	2	79	73	24	-1	62	-1	43	18	19	57	14	80	63	41	52	78	76	32	28	59	-1	-1	29	20	27	13	-1	42	9	3	75	51	-1	58	81	17	1	-1	65	-1	25	-1	72	47	-1	22	74	-1	36	60	70	-1	6	61	40	4	48	12	23	56	-1	-1	-1	77	-1	34	35	-1	15	55	-1	49	30	5	54	-1
61	67	77	-1	23	60	13	46	76	25	56	4	-1	-1	1	75	55	20	65	22	69	-1	27	68	6	37	51	-1	-1	50	11	-1	16	71	-1	-1	74	31	42	66	-1	57	15	39	49	12	38	5	58	28	21	-1	-1	-1	-1	-1	-1	-1	-1	64	44	-1	30	73	32	-1	81	-1	7	52	8	-1	-1	53	41	-1	29	80	-1	63	-1
18	59	-1	-1	-1	47	-1	39	-1	10	-1	9	74	67	26	-1	6	79	58	-1	44	7	19	61	-1	14	54	-1	-1	-1	63	45	68	49	28	-1	-1	64	-1	2	72	77	-1	-1	62	29	17	-1	33	-1	20	-1	1	32	65	35	-1	-1	81	66	24	57	-1	-1	46	31	51	30	22	43	3	-1	16	50	4	76	40	-1	60	-1	23
34	69	-1	-1	20	54	70	6	-1	39	-1	30	7	50	5	29	60	2	-1	25	40	67	79	9	77	33	-1	-1	-1	47	76	37	51	38	-1	41	44	10	21	45	-1	-1	18	24	19	-1	-1	26	46	16	-1	66	-1	-1	36	52	-1	80	43	-1	-1	-1	17	62	12	58	1	-1	57	74	4	-1	-1	56	-1	42	72	3	59	27	64
-1	8	68	-1	81	57	4	5	-1	-1	15	69	21	28	-1	3	12	22	47	1	30	-1	43	-1	20	73	29	67	24	61	62	66	-1	-1	-1	74	13	-1	-1	-1	40	38	48	-1	53	23	52	80	76	-1	18	51	64	77	78	27	14	-1	25	42	-1	56	-1	72	-1	19	60	65	79	70	50	11	6	36	44	17	-1	9	-1	35	26
-1	-1	-1	-1	62	58	9	-1	-1	-1	44	-1	49	47	59	27	41	61	18	-1	4	8	-1	13	35	42	72	-1	73	81	57	23	15	1	-1	33	14	11	22	3	79	56	26	46	43	40	-1	60	-1	30	24	45	6	31	63	28	76	67	29	50	-1	68	32	-1	-1	55	38	-1	-1	37	20	54	-1	77	-1	21	66	78	34	52	-1
72	35	41	-1	-1	21	27	3	-1	-1	68	53	65	-1	37	34	36	-1	63	5	17	46	-1	38	23	45	71	-1	-1	-1	80	30	56	69	-1	70	-1	73	55	-1	8	-1	4	-1	60	81	15	48	42	59	61	44	57	39	9	13	20	10	-1	-1	-1	54	77	-1	18	66	14	75	29	16	78	76	-1	11	58	2	33	-1	12	-1	-1
15	19	40	-1	75	74	-1	-1	28	42	70	81	54	58	-1	35	64	-1	55	-1	-1	-1	48	-1	16	57	11	77	25	-1	-1	60	7	-1	14	-1	23	-1	-1	-1	-1	76	29	52	30	49	-1	-1	79	67	-1	-1	50	-1	8	46	62	45	39	-1	-1	18	38	27	41	-1	9	-1	26	-1	47	63	65	37	51	-1	-1	20	68	13	73
10	-1	-1	29	51	30	-1	-1	-1	72	45	13	-1	-1	-1	77	73	-1	64	-1	-1	24	60	70	12	66	50	65	-1	79	54	4	-1	52	48	6	20	16	34	5	41	47	-1	68	9	35	3	55	-1	53	27	63	37	-1	31	-1	26	59	-1	-1	23	1	21	-1	40	-1	39	15	69	25	-1	44	-1	22	81	32	18	75	61	74	14
4	2	24	81	28	37	31	12	45	52	29	72	25	16	-1	-1	-1	66	3	38	9	61	65	73	-1	17	-1	-1	53	1	39	8	34	15	6	68	60	44	-1	-1	50	-1	7	-1	23	42	55	47	-1	-1	-1	-1	27	70	54	-1	-1	19	36	80	-1	77	-1	-1	-1	13	62	-1	-1	35	18	-1	46	43	11	-1	-1	48	10	-1	-1
53	-1	-1	15	-1	-1	69	-1	70	-1	19	35	12	-1	50	46	77	39	74	42	-1	-1	-1	23	56	-1	41	55	59	5	44	-1	30	-1	62	9	-1	-1	38	-1	37	43	51	20	-1	75	-1	-1	49	4	11	40	33	-1	22	-1	79	29	-1	17	-1	72	-1	63	57	-1	28	-1	45	-1	-1	36	-1	31	52	-1	6	61	8	16	13
-1	76	6	62	-1	36	3	43	7	-1	63	-1	1	-1	-1	80	15	-1	20	60	39	50	47	35	57	-1	-1	51	61	-1	75	2	45	16	-1	66	-1	21	-1	-1	59	53	-1	14	-1	-1	24	-1	28	58	46	8	56	48	71	-1	55	34	9	37	11	-1	81	-1	4	68	31	44	17	19	-1	-1	-1	23	-1	38	-1	22	27	42	32
11	-1	-1	74	41	-1	47	42	9	67	-1	18	28	5	-1	81	68	27	-1	2	32	58	30	52	-1	21	15	-1	57	40	17	7	37	50	72	46	36	-1	-1	70	13	6	-1	29	54	-1	76	73	-1	80	79	65	71	66	53	-1	-1	4	16	61	14	60	62	-1	38	34	10	22	51	69	25	77	3	20	-1	12	75	-1	-1	26	78
-1	26	61	-1	22	68	20	29	-1	-1	48	36	45	75	74	49	71	42	34	16	53	59	12	11	44	40	66	-1	10	67	81	76	-1	56	-1	77	-1	32	-1	-1	9	62	39	69	33	50	31	-1	-1	-1	17	-1	23	5	6	8	58	25	28	-1	57	35	43	37	52	41	2	7	-1	80	-1	14	54	-1	73	-1	-1	24	-1	64	21
17	55	-1	-1	10	25	66	77	50	53	24	-1	61	32	3	23	4	14	-1	69	51	-1	-1	64	49	79	1	13	-1	19	-1	22	54	-1	29	-1	-1	-1	27	-1	-1	11	-1	31	34	52	-1	38	44	-1	-1	21	-1	7	41	56	45	-1	-1	5	70	30	42	-1	20	-1	65	-1	15	81	48	74	35	80	-1	-1	-1	36	76	60	72
51	-1	16	40	30	44	56	-1	35	-1	31	26	-1	-1	34	-1	11	9	72	-1	77	68	75	76	63	-1	-1	80	-1	-1	-1	-1	-1	20	49	14	8	5	45	15	-1	71	22	4	-1	1	-1	13	-1	62	29	19	-1	37	2	-1	59	3	48	-1	-1	39	67	32	-1	24	-1	-1	23	21	-1	-1	-1	66	70	25	-1	41	28	-1	53
-1	-1	60	71	80	27	-1	19	-1	-1	41	64	-1	20	-1	2	13	-1	48	-1	10	-1	54	-1	-1	31	14	58	42	70	23	12	28	35	21	-1	61	-1	40	30	46	79	24	-1	17	26	-1	-1	34	-1	67	-1	16	-1	-1	44	65	-1	51	75	15	52	-1	-1	-1	-1	72	3	-1	-1	-1	5	-1	-1	68	37	77	74	1	-1	-1
5	-1	63	78	79	75	58	57	8	47	40	6	-1	-1	51	62	-1	37	-1	-1	55	70	-1	-1	80	36	28	-1	-1	25	38	31	43	-1	52	24	18	35	66	19	56	3	-1	10	12	-1	41	-1	30	14	-1	32	2	-1	7	23	73	74	-1	1	20	21	13	67	16	59	61	-1	-1	42	64	53	-1	-1	29	34	15	49	-1	45	17
77	12	32	10	-1	40	5	66	15	38	-1	16	59	62	-1	47	-1	21	23	65	28	30	81	29	-1	49	4	74	69	37	20	-1	58	-1	1	-1	3	34	-1	-1	-1	46	42	44	55	-1	-1	43	51	-1	78	72	9	73	75	80	8	61	45	-1	7	17	35	-1	-1	64	19	-1	14	60	22	24	25	57	26	6	39	-1	67	-1	76
24	71	-1	75	39	14	52	59	-1	37	-1	65	51	36	60	19	-1	-1	-1	18	7	12	-1	57	61	-1	16	3	-1	73	46	-1	-1	-1	70	10	-1	77	56	-1	31	13	-1	9	35	22	-1	49	21	8	1	-1	-1	30	67	42	74	28	23	68	-1	6	27	78	25	-1	15	2	54	-1	66	79	41	64	40	45	63	50	58	11	5
58	-1	21	55	8	-1	-1	-1	13	22	7	34	48	24	4	-1	20	26	52	78	42	14	37	74	10	5	-1	54	23	32	9	43	62	40	25	72	30	38	68	29	51	-1	-1	50	59	-1	-1	33	39	45	75	-1	66	47	69	18	3	36	-1	2	-1	-1	57	12	-1	-1	63	-1	81	-1	77	-1	79	-1	-1	61	31	-1	44	46	60
47	46	62	38	-1	61	68	34	30	-1	27	1	55	70	75	71	42	12	11	51	72	40	66	31	-1	44	-1	6	-1	8	24	50	-1	-1	-1	64	21	-1	4	-1	28	54	-1	76	20	-1	79	63	-1	-1	26	2	-1	35	10	60	56	13	-1	32	53	-1	29	3	39	48	59	45	65	9	-1	7	43	73	80	78	-1	23	22	-1	15
-1	17	72	-1	31	-1	7	16	-1	33	10	77	23	15	67	-1	46	-1	45	-1	76	-1	73	27	79	22	-1	-1	-1	-1	-1	-1	-1	80	-1	51	58	66	25	-1	52	-1	74	-1	1	-1	62	-1	24	-1	3	60	54	81	26	-1	38	43	37	63	12	70	-1	47	71	28	40	-1	34	30	-1	68	32	48	59	55	9	4	75	8	69
3	-1	-1	-1	78	33	2	4	22	-1	-1	74	30	63	-1	-1	54	-1	-1	21	-1	-1	35	8	60	1	17	-1	-1	-1	45	5	65	76	-1	67	-1	40	-1	79	-1	73	19	32	-1	46	-1	-1	10	48	28	11	-1	-1	50	-1	-1	-1	-1	47	59	20	-1	-1	42	-1	75	41	58	62	16	18	-1	38	-1	77	-1	12	29	-1	36
70	63	-1	80	74	-1	43	26	81	78	25	-1	35	-1	18	9	39	28	67	-1	-1	-1	38	32	75	68	-1	59	2	60	79	71	-1	-1	33	34	62	22	37	6	10	45	65	-1	15	69	-1	20	13	27	53	23	4	-1	-1	-1	41	58	76	-1	-1	-1	19	5	8	57	29	49	1	-1	-1	-1	66	-1	56	-1	21	7	72	51	3
44	-1	-1	37	35	45	65	-1	60	8	72	29	-1	3	40	-1	-1	-1	-1	34	63	-1	71	-1	54	41	58	-1	55	36	-1	42	75	48	-1	-1	43	78	23	-1	5	27	-1	7	-1	-1	14	64	59	6	50	56	77	-1	15	-1	-1	24	-1	39	79	66	4	10	21	76	80	-1	70	-1	52	46	33	-1	18	20	17	-1	-1	-1	2
25	-1	73	6	36	29	-1	-1	-1	43	50	32	-1	76	56	45	-1	-1	9	59	46	15	80	2	24	39	3	19	16	68	49	-1	-1	-1	7	-1	26	8	75	-1	53	63	-1	71	-1	-1	58	-1	40	-1	-1	55	-1	-1	77	81	21	22	-1	33	-1	-1	54	69	23	44	11	31	-1	-1	35	4	34	10	42	-1	27	-1	-1	28	-1
1	47	-1	4	-1	-1	-1	78	68	16	60	20	80	-1	-1	64	-1	-1	-1	35	-1	-1	31	-1	-1	71	7	-1	79	-1	51	59	-1	-1	37	11	67	-1	-1	62	74	42	17	49	-1	48	70	-1	81	29	33	57	-1	-1	25	-1	28	53	-1	18	43	-1	58	38	61	23	30	34	10	75	-1	55	-1	-1	32	54	14	-1	-1	-1	-1
62	-1	3	60	-1	46	17	81	-1	75	-1	-1	63	51	19	-1	40	68	13	80	-1	5	-1	41	-1	25	-1	-1	66	74	-1	21	-1	30	50	29	22	72	35	-1	78	69	38	36	70	47	54	10	32	-1	58	20	-1	2	23	-1	-1	44	-1	49	37	67	-1	79	6	77	-1	18	24	15	39	1	4	61	31	59	-1	33	16	-1	34
27	25	18	64	9	38	79	15	61	36	6	8	69	-1	62	21	-1	53	30	44	59	63	70	-1	55	47	42	52	60	35	65	-1	24	81	-1	39	-1	41	12	-1	11	28	10	77	-1	80	26	-1	45	-1	-1	71	40	43	3	-1	-1	-1	22	48	17	29	-1	16	19	33	4	51	67	-1	73	-1	-1	49	-1	50	2	76	57	5	37
26	28	-1	5	-1	67	10	-1	53	4	-1	45	24	-1	31	33	30	-1	-1	12	-1	72	3	-1	-1	74	2	49	-1	-1	1	61	64	77	40	55	-1	63	52	73	23	21	25	34	39	16	-1	46	-1	18	66	50	-1	-1	27	-1	-1	8	70	-1	80	-1	9	14	-1	35	-1	32	-1	-1	29	-1	51	75	-1	-1	60	17	-1	-1	71
7	-1	35	19	-1	76	37	75	49	14	78	44	77	-1	42	-1	48	71	1	61	68	-1	6	34	62	-1	-1	-1	3	46	47	-1	57	22	16	58	-1	53	80	24	45	-1	50	55	32	11	21	-1	60	73	65	13	-1	69	30	-1	-1	-1	31	-1	-1	-1	59	81	54	12	-1	-1	43	36	41	-1	-1	-1	25	-1	20	56	-1	-1	66
-1	80	-1	66	16	72	39	-1	-1	23	-1	61	67	-1	11	73	-1	-1	-1	14	15	79	20	58	19	28	-1	-1	45	76	48	-1	13	25	-1	-1	-1	9	60	27	33	29	43	-1	3	8	1	6	5	41	36	-1	44	24	4	51	-1	-1	-1	-1	-1	-1	52	22	53	62	-1	63	-1	-1	59	-1	30	46	-1	64	-1	-1	21	77	-1
-1	-1	50	-1	12	6	40	-1	51	65	-1	56	41	7	9	37	2	-1	17	67	-1	-1	18	22	69	-1	-1	-1	80	23	-1	73	-1	33	15	5	19	30	81	-1	66	68	16	64	8	55	42	27	53	39	-1	59	79	34	21	61	54	77	32	35	46	38	60	49	-1	47	-1	-1	71	78	57	45	-1	70	-1	-1	3	10	-1	62	11
41	-1	36	56	73	71	11	-1	-1	49	-1	-1	5	-1	-1	12	35	54	24	-1	43	-1	39	-1	52	46	64	10	17	69	42	75	70	62	-1	7	15	1	13	61	-1	44	-1	6	-1	9	37	28	14	77	31	25	-1	-1	34	65	66	16	55	20	-1	47	74	-1	58	80	27	76	3	2	-1	8	23	18	22	72	68	-1	78	-1	19
21	-1	13	34	-1	23	-1	44	-1	-1	-1	-1	-1	57	25	-1	72	58	-1	33	-1	11	-1	51	-1	4	73	-1	12	53	68	14	31	43	41	-1	-1	-1	48	71	26	20	79	-1	-1	-1	56	17	15	49	-1	78	62	64	1	-1	42	-1	75	19	-1	24	-1	50	9	-1	70	-1	28	46	5	37	27	69	47	80	8	-1	-1	-1	55
-1	-1	8	-1	43	73	21	-1	12	59	-1	-1	22	13	53	69	23	11	14	31	74	66	-1	1	47	-1	56	78	39	42	15	51	36	-1	-1	-1	81	7	-1	-1	58	-1	49	18	-1	71	77	32	-1	-1	-1	10	63	29	45	6	2	33	38	-1	62	-1	76	30	27	25	16	46	4	54	72	-1	64	3	-1	5	26	79	37	55	24
69	1	22	-1	11	-1	75	53	-1	63	26	68	47	39	28	72	-1	62	8	48	24	-1	58	18	51	-1	32	-1	81	13	60	-1	-1	-1	61	44	-1	79	76	35	34	66	70	-1	6	45	20	-1	-1	-1	23	43	-1	-1	14	21	9	-1	17	-1	40	42	56	36	-1	-1	71	80	64	3	74	41	10	52	77	33	65	-1	46	49	30
57	15	14	58	67	31	-1	30	-1	-1	32	41	60	73	2	20	9	6	71	-1	12	44	29	42	4	52	45	25	76	63	53	56	69	8	19	-1	78	-1	17	55	77	-1	46	-1	28	72	-1	24	50	38	47	-1	22	-1	11	49	35	23	-1	13	-1	-1	65	-1	81	1	26	48	-1	40	68	62	-1	21	36	66	-1	70	51	75	7
71	42	74	79	6	10	77	48	29	-1	5	46	-1	64	55	7	-1	16	25	76	65	-1	-1	67	41	69	60	-1	38	26	-1	9	73	-1	54	1	-1	47	61	13	-1	30	20	-1	-1	59	-1	19	75	78	40	39	80	49	24	58	-1	-1	66	4	-1	51	3	15	-1	2	22	-1	-1	53	23	-1	62	12	8	35	-1	57	17	-1	-1
63	65	78	59	-1	81	18	32	39	-1	71	80	31	-1	-1	-1	-1	-1	6	79	33	55	49	17	40	11	13	28	70	64	77	-1	46	-1	74	22	2	27	72	44	24	-1	62	42	57	-1	-1	35	41	68	-1	-1	-1	8	-1	15	43	30	52	26	54	-1	7	19	-1	75	-1	-1	-1	29	14	38	50	34	60	69	47	-1	20	56	67
56	-1	38	50	47	-1	51	-1	24	30	8	54	17	61	77	4	76	-1	46	43	27	73	-1	81	-1	20	37	62	48	7	58	-1	49	31	55	80	-1	26	59	23	3	40	-1	63	36	-1	74	2	64	65	69	14	11	60	79	22	75	71	57	12	19	-1	70	-1	-1	21	-1	-1	6	18	33	42	72	-1	-1	1	-1	-1	15	53	-1
64	36	-1	76	25	66	-1	-1	-1	45	58	19	-1	79	81	-1	-1	78	-1	-1	70	80	9	-1	-1	61	23	30	27	-1	33	35	6	65	24	-1	39	15	8	-1	21	31	5	43	-1	37	-1	51	-1	-1	7	-1	-1	56	74	72	69	-1	-1	67	29	-1	53	55	59	-1	77	10	47	63	49	57	11	14	-1	-1	41	40	71	4	68
-1	27	49	61	-1	7	45	-1	-1	74	65	-1	66	-1	14	-1	43	56	75	-1	35	-1	-1	78	-1	72	30	-1	40	4	-1	-1	79	5	-1	-1	29	19	10	-1	69	51	1	16	-1	-1	33	21	-1	25	34	81	42	12	46	48	68	63	47	77	-1	31	55	13	24	-1	76	20	60	8	67	-1	9	58	-1	44	28	2	73	-1	54
52	72	33	46	40	35	55	17	-1	51	12	-1	3	29	15	38	-1	49	39	-1	16	26	57	7	50	77	53	11	21	2	34	18	66	45	-1	-1	-1	68	-1	54	4	64	67	22	14	-1	27	58	70	1	44	-1	-1	-1	-1	32	78	60	-1	10	-1	28	20	65	-1	-1	56	-1	31	73	43	9	-1	19	-1	13	-1	-1	74	-1	25
23	10	75	-1	-1	65	1	-1	6	-1	34	22	33	80	-1	30	-1	60	35	17	3	-1	69	19	25	56	62	24	-1	29	40	47	20	64	45	-1	53	-1	-1	36	18	-1	-1	-1	-1	-1	-1	44	-1	74	-1	48	-1	76	66	12	39	-1	46	54	32	-1	51	11	26	15	-1	-1	68	38	81	43	61	79	-1	-1	-1	63	-1	9	8
-1	-1	-1	53	68	3	-1	-1	67	-1	52	23	9	-1	38	-1	69	24	36	-1	26	1	44	-1	-1	51	76	-1	7	28	-1	41	72	60	-1	16	-1	20	63	78	19	33	27	-1	13	14	47	42	43	-1	62	64	5	79	-1	77	81	70	-1	-1	75	59	15	18	65	73	6	4	32	45	58	10	74	25	-1	-1	80	-1	54	-1	48
9	24	26	33	58	20	-1	61	-1	-1	18	37	-1	2	-1	-1	-1	74	54	13	-1	-1	-1	59	53	80	68	-1	5	14	6	15	39	10	43	-1	70	50	11	-1	-1	4	-1	-1	-1	78	73	-1	72	63	30	-1	75	-1	-1	62	1	-1	60	44	8	23	41	34	3	42	69	-1	19	71	27	25	-1	-1	-1	29	57	67	-1	36	-1
-1	7	4	21	45	-1	50	69	-1	66	-1	-1	-1	-1	-1	-1	-1	48	-1	63	14	71	24	72	32	16	33	70	49	9	-1	11	-1	2	38	62	64	6	-1	39	65	5	60	15	-1	54	-1	23	55	-1	80	1	18	-1	-1	25	57	26	27	58	13	19	-1	-1	77	-1	20	8	-1	79	53	-1	-1	44	10	-1	78	-1	81	22	12
-1	-1	-1	17	48	80	-1	60	25	13	64	-1	26	-1	-1	-1	1	8	81	20	18	-1	52	-1	-1	-1	-1	23	77	51	37	-1	35	53	71	65	34	76	-1	40	42	74	30	57	-1	-1	22	7	36	-1	-1	6	-1	59	5	73	31	2	50	-1	16	43	-1	28	47	-1	-1	-1	55	-1	54	39	-1	32	75	3	-1	27	41	70	4
-1	22	47	11	59	-1	71	56	63	-1	17	28	-1	68	6	32	50	65	5	-1	-1	49	41	-1	42	12	57	48	34	66	31	27	-1	-1	13	3	9	-1	54	80	43	75	23	21	25	-1	67	-1	8	26	-1	-1	39	15	-1	38	64	7	24	53	10	45	79	52	-1	40	36	14	37	51	44	61	2	33	20	-1	-1	58	-1	1	35
-1	-1	81	8	19	18	-1	41	-1	-1	-1	-1	4	43	-1	78	14	29	70	47	34	60	2	-1	66	75	65	-1	-1	-1	25	52	80	-1	-1	-1	-1	-1	73	26	1	-1	61	62	-1	77	-1	-1	68	32	-1	27	13	3	-1	-1	36	49	-1	-1	35	71	28	24	5	-1	50	12	9	-1	7	21	-1	72	45	15	-1	-1	69	6	38
-1	-1	-1	52	-1	49	54	73	-1	-1	-1	39	-1	-1	41	51	-1	-1	-1	8	23	10	7	50	-1	-1	61	26	1	-1	-1	57	4	58	17	18	-1	45	44	-1	48	12	35	3	22	38	81	25	-1	71	56	34	60	-1	-1	67	-1	20	-1	6	69	-1	-1	76	66	16	33	-1	80	-1	-1	2	5	-1	14	53	24	68	-1	65	-1
-1	74	70	-1	5	16	38	40	34	19	53	49	71	-1	-1	25	57	10	29	-1	45	-1	15	6	67	55	79	-1	54	33	-1	-1	8	-1	73	12	52	-1	-1	32	81	14	-1	17	31	-1	50	-1	61	-1	41	-1	20	-1	42	9	-1	-1	4	72	3	22	18	59	1	63	35	78	62	-1	46	-1	26	60	-1	-1	76	-1	43	-1	56
31	5	67	77	38	-1	8	-1	57	9	-1	-1	6	72	7	-1	25	47	16	-1	19	17	-1	56	13	50	-1	12	26	11	3	33	-1	-1	39	76	1	80	30	-1	-1	65	45	60	2	43	32	61	-1	15	49	35	53	58	-1	-1	46	-1	21	70	18	-1	75	-1	29	36	78	42	-1	28	71	66	24	81	-1	27	-1	69	48	23	-1
79	60	-1	9	76	11	26	20	42	81	67	-1	15	46	39	-1	56	-1	-1	29	37	-1	68	45	36	62	-1	-1	-1	-1	35	6	25	72	-1	47	31	-1	-1	22	-1	-1	71	19	78	27	4	30	-1	75	-1	-1	-1	28	43	-1	-1	-1	59	-1	41	2	10	-1	70	3	21	16	5	24	-1	52	53	13	38	7	58	8	77	-1	63
48	75	-1	41	49	4	63	10	23	44	51	27	40	-1	24	55	-1	77	66	-1	79	54	78	-1	73	30	-1	53	-1	71	7	29	5	18	-1	-1	69	52	64	33	67	25	58	47	50	34	-1	11	-1	21	38	36	72	26	13	-1	17	31	-1	9	1	32	80	61	76	-1	-1	-1	-1	14	-1	-1	45	68	3	70	22	46	35	37	65
68	-1	-1	-1	-1	43	-1	51	27	76	-1	-1	20	-1	-1	60	29	70	-1	-1	67	-1	61	71	31	2	10	66	50	77	16	-1	63	17	36	56	40	-1	-1	74	-1	35	75	5	21	79	59	9	37	-1	-1	7	12	13	81	26	-1	38	30	34	28	53	8	46	62	18	-1	11	25	-1	15	-1	-1	-1	-1	-1	4	19	32	-1	-1
73	-1	-1	32	-1	39	78	-1	17	-1	-1	12	-1	74	-1	31	34	18	76	46	-1	3	-1	14	72	60	52	43	28	30	70	49	10	19	20	79	66	-1	-1	37	38	15	-1	-1	27	24	25	-1	69	42	8	-1	68	23	-1	-1	-1	62	54	55	65	7	6	-1	80	-1	45	-1	-1	56	2	48	-1	16	-1	40	-1	-1	-1	71	33
-1	66	-1	16	56	2	62	36	14	-1	57	-1	10	65	30	58	-1	19	-1	-1	1	33	34	-1	22	63	35	41	52	-1	69	-1	21	32	80	-1	73	24	53	43	55	-1	76	13	44	31	51	50	67	-1	71	77	81	40	47	45	-1	-1	20	3	78	11	23	7	49	-1	37	-1	39	27	79	72	59	74	12	18	25	60	-1	15	28
-1	40	25	22	53	13	61	45	18	28	43	52	-1	-1	-1	16	59	3	4	77	8	-1	-1	75	-1	9	-1	42	-1	15	27	38	23	24	31	73	-1	39	-1	46	36	48	56	-1	-1	-1	65	76	-1	2	-1	47	14	-1	-1	19	-1	64	67	60	49	5	-1	35	-1	-1	-1	1	30	-1	-1	33	21	78	72	26	-1	-1	55	17	-1
81	34	-1	-1	-1	-1	35	21	-1	1	36	-1	-1	53	48	-1	49	-1	57	-1	6	47	11	-1	15	38	27	-1	-1	59	4	62	55	68	9	54	7	-1	28	-1	-1	8	-1	72	-1	-1	45	-1	73	60	39	18	29	46	58	33	37	76	12	-1	22	74	71	77	13	-1	23	-1	20	-1	-1	31	75	67	50	56	61	64	2	66	43
-1	33	-1	69	54	19	-1	-1	47	11	75	-1	64	-1	17	41	32	80	28	26	25	65	-1	48	43	18	-1	45	13	-1	67	-1	61	46	8	57	68	59	6	51	12	23	9	70	-1	3	-1	1	62	20	55	22	-1	10	39	24	77	35	56	16	-1	27	72	53	44	50	74	38	73	34	-1	60	36	5	76	79	-1	14	49	30	31
-1	-1	-1	73	-1	22	48	13	69	-1	-1	60	2	77	10	-1	58	-1	44	-1	64	52	-1	36	-1	-1	-1	33	-1	38	12	65	41	54	42	4	-1	17	-1	21	62	55	11	-1	-1	-1	-1	59	-1	-1	15	24	3	1	-1	53	71	-1	78	81	-1	40	68	-1	67	14	46	-1	16	76	51	47	-1	27	5	28	34	25	23	-1	57
20	38	52	39	34	-1	53	67	-1	-1	33	21	-1	-1	72	28	22	-1	-1	23	11	43	40	-1	17	-1	63	-1	-1	-1	66	-1	-1	44	-1	69	-1	13	-1	57	25	-1	31	41	10	51	64	71	7	81	76	75	58	45	80	37	-1	-1	-1	36	77	3	-1	29	-1	70	32	68	8	-1	1	-1	-1	2	19	60	-1	73	65	24	47
-1	56	44	28	17	24	-1	-1	21	79	66	31	46	69	71	65	-1	5	60	-1	62	16	51	47	76	-1	-1	20	15	39	-1	25	53	61	30	-1	33	-1	-1	58	63	26	-1	35	64	-1	-1	68	-1	37	12	38	49	-1	72	34	18	-1	41	59	6	13	-1	4	73	45	-1	77	-1	57	-1	3	-1	42	-1	48	-1	43	-1	-1	22
6	31	5	-1	33	-1	57	2	-1	-1	-1	70	75	12	78	-1	63	25	-1	66	56	4	-1	65	-1	-1	18	37	-1	-1	-1	80	-1	-1	76	60	-1	81	51	77	47	-1	3	38	-1	20	34	16	23	17	32	53	43	74	62	30	-1	79	19	8	52	-1	44	58	-1	-1	55	-1	35	41	-1	64	1	71	54	-1	45	11	7	21	-1
76	11	-1	47	-1	12	64	-1	65	56	62	3	-1	45	-1	59	17	36	-1	-1	80	41	-1	69	-1	29	-1	57	71	6	-1	24	74	26	-1	31	72	54	50	4	15	39	34	1	37	5	48	40	25	-1	-1	67	8	44	33	-1	10	-1	35	23	58	55	22	2	43	-1	49	79	27	61	19	28	18	-1	-1	68	81	-1	9	78	77
-1	78	51	-1	-1	77	41	8	36	55	42	48	11	1	80	57	38	44	-1	37	5	-1	33	30	-1	3	67	34	-1	17	32	70	47	-1	-1	81	12	23	46	18	-1	24	-1	73	52	28	39	-1	4	79	-1	61	-1	-1	20	43	16	-1	65	76	50	15	31	-1	74	60	54	59	72	13	10	71	56	26	53	-1	64	29	66	-1	58
60	-1	-1	35	-1	9	-1	79	58	41	74	7	-1	23	54	-1	51	43	50	24	71	31	-1	15	46	81	-1	16	-1	18	8	40	-1	-1	-1	19	6	49	20	65	68	70	53	30	-1	56	29	14	27	72	13	42	-1	22	-1	63	32	-1	64	21	47	73	48	44	-1	-1	52	-1	-1	-1	-1	80	76	59	37	10	69	39	-1	33	75
-1	37	19	54	-1	62	59	-1	66	20	81	73	53	-1	13	-1	27	40	79	57	-1	-1	25	26	14	-1	-1	-1	68	43	-1	1	48	78	5	35	42	56	74	76	-1	36	2	-1	75	-1	-1	31	11	70	63	-1	47	33	28	-1	60	-1	7	29	61	69	45	17	50	6	18	23	-1	12	24	-1	-1	-1	-1	51	38	-1	-1	72	41
-1	23	10	-1	15	32	72	-1	-1	-1	9	47	37	8	68	-1	61	4	-1	49	20	13	1	55	39	-1	-1	14	58	-1	-1	79	3	29	11	59	71	43	-1	-1	60	19	28	67	-1	36	69	41	78	57	77	-1	73	-1	38	-1	27	46	2	24	-1	12	25	33	22	5	53	-1	63	65	-1	56	17	62	35	30	-1	31	70	44	6
-1	-1	57	-1	13	17	16	-1	10	-1	20	63	43	35	69	74	-1	33	-1	72	-1	32	14	79	3	8	-1	47	51	-1	78	53	-1	-1	44	61	59	37	-1	-1	29	58	-1	40	68	64	-1	4	65	-1	-1	76	26	6	-1	41	-1	48	77	15	67	-1	11	71	28	49	25	-1	42	39	38	81	-1	55	-1	46	36	5	-1	2	80
55	-1	37	49	-1	78	23	76	1	57	-1	71	19	41	-1	70	81	72	7	45	-1	62	13	44	-1	54	-1	75	-1	48	-1	69	-1	39	35	25	38	3	-1	47	61	-1	21	-1	79	15	-1	8	66	56	10	-1	46	16	12	20	22	-1	80	74	31	50	26	9	14	65	24	40	-1	58	-1	51	77	17	63	67	32	28	-1	43	42
-1	68	11	18	64	-1	-1	25	38	46	30	62	14	60	76	17	67	34	51	73	61	29	50	33	1	-1	39	-1	41	16	-1	-1	9	36	10	-1	45	-1	24	8	22	-1	-1	23	4	-1	53	-1	77	69	-1	31	28	-1	55	-1	13	72	42	-1	21	44	2	-1	-1	-1	43	-1	48	59	80	32	-1	54	-1	75	71	66	26	3	81
50	4	39	48	46	-1	-1	47	2	31	55	42	27	9	21	53	16	38	-1	-1	66	-1	56	-1	81	35	36	-1	62	57	5	77	40	79	68	-1	10	33	15	25	76	-1	44	28	26	7	30	-1	71	3	54	58	67	78	32	17	70	1	73	45	60	-1	24	8	75	74	34	19	18	11	61	12	-1	29	64	23	51	65	14	69	52
-1	-1	34	43	66	-1	-1	-1	-1	50	-1	-1	73	49	12	44	-1	59	31	11	38	74	77	63	70	19	5	81	65	54	14	28	17	37	23	45	35	55	1	42	30	-1	32	56	18	-1	-1	-1	29	-1	25	80	-1	-1	61	-1	4	52	10	78	-1	76	39	68	-1	46	3	-1	53	33	-1	15	60	6	21	-1	-1	72	40	-1	-1
-1	81	71	26	21	42	-1	72	56	3	-1	11	36	48	32	15	78	13	53	9	2	-1	23	10	37	67	24	73	29	52	43	20	18	12	66	8	77	-1	-1	-1	14	50	41	74	65	60	-1	39	-1	-1	59	-1	45	55	64	-1	30	51	-1	-1	68	58	-1	70	63	-1	5	6	76	47	17	-1	44	7	27	4	19	35	25	61	1
14	61	79	51	44	-1	-1	7	33	-1	77	-1	29	6	65	8	47	-1	78	28	49	34	17	12	71	58	46	22	-1	-1	64	19	-1	-1	27	50	5	60	-1	-1	-1	72	-1	-1	63	21	-1	18	-1	52	42	70	-1	75	-1	59	40	54	-1	38	9	81	69	26	31	37	66	-1	13	23	-1	67	68	41	-1	57	56	-1	11	-1	-1
8	52	45	3	-1	-1	12	35	5	40	-1	10	58	66	-1	1	28	-1	69	68	48	-1	4	16	26	-1	47	2	-1	-1	55	63	11	-1	67	-1	75	-1	-1	9	64	-1	13	53	71	32	72	36	74	-1	14	17	34	41	18	-1	23	37	-1	57	27	-1	33	-1	-1	78	73	54	44	77	62	22	-1	76	-1	31	70	-1	-1	20	-1
28	-1	-1	31	-1	69	74	65	75	68	80	5	56	37	23	79	24	-1	59	40	22	-1	-1	60	30	64	55	71	-1	3	-1	46	32	21	34	15	-1	-1	19	17	2	52	54	51	67	63	44	81	48	12	-1	62	61	20	35	66	49	14	53	43	25	-1	-1	-1	10	-1	-1	72	50	4	-1	27	-1	-1	39	73	-1	18	-1	38	16
