6
1
-1	11	31	-1	29	8	-1	19	-1	-1	4	-1	20	-1	-1	-1	-1	10	26	-1	-1	-1	18	-1	16	32	-1	23	25	12	28	36	1	24	-1	7
7	19	30	34	13	28	29	-1	31	10	-1	8	-1	32	21	2	-1	-1	3	9	36	25	4	27	15	14	11	24	6	18	17	-1	20	33	12	26
14	15	-1	33	-1	12	5	30	-1	20	16	-1	-1	6	4	-1	-1	-1	17	-1	7	11	24	22	35	1	26	-1	-1	34	-1	23	8	27	13	-1
26	17	4	-1	3	22	-1	24	15	32	2	7	14	5	-1	-1	28	34	-1	-1	30	8	13	29	33	27	-1	31	10	36	18	-1	25	6	19	21
21	10	-1	36	-1	-1	17	18	26	27	-1	-1	12	11	-1	15	-1	24	-1	33	14	-1	23	35	7	8	2	29	22	-1	-1	16	32	30	31	4
16	27	-1	20	-1	18	14	12	11	33	6	34	26	-1	-1	36	30	7	2	31	-1	-1	1	-1	-1	5	4	-1	-1	13	29	35	15	9	22	3
-1	31	-1	25	23	13	36	-1	34	22	17	-1	35	21	-1	-1	9	33	-1	27	10	12	29	15	19	7	24	11	8	30	16	-1	4	1	28	20
20	-1	-1	-1	-1	21	30	-1	12	-1	15	-1	24	31	-1	10	34	29	28	7	35	-1	19	-1	18	17	-1	5	4	33	-1	13	36	23	-1	22
29	-1	-1	7	1	4	33	-1	23	18	32	5	19	16	27	25	26	-1	22	-1	-1	36	34	-1	31	12	-1	13	20	10	-1	15	-1	-1	-1	-1
10	33	28	-1	26	-1	-1	31	-1	24	20	-1	-1	36	-1	22	-1	12	8	-1	18	6	-1	17	14	15	27	35	-1	-1	-1	-1	19	2	34	25
34	-1	24	22	-1	-1	27	35	-1	25	-1	11	18	-1	8	17	-1	-1	23	3	26	31	16	20	21	9	32	6	-1	28	30	33	7	-1	10	5
2	16	35	17	15	5	1	-1	8	-1	-1	-1	6	28	30	3	20	-1	4	11	9	-1	33	24	-1	-1	23	-1	36	26	-1	-1	12	18	29	27
-1	18	-1	35	8	26	11	9	20	-1	24	21	10	2	17	32	22	25	19	-1	28	4	-1	16	3	31	34	-1	23	6	15	-1	30	13	-1	12
23	-1	13	19	20	14	28	4	5	-1	-1	18	8	33	15	34	29	9	30	1	32	-1	-1	2	10	-1	25	36	27	16	3	31	17	7	-1	-1
-1	4	15	28	-1	10	-1	-1	30	2	13	-1	27	26	12	-1	24	6	9	22	17	35	-1	-1	5	-1	-1	14	-1	1	36	34	-1	25	-1	8
27	2	-1	24	25	-1	-1	-1	-1	1	10	14	-1	20	-1	11	36	31	21	29	15	26	-1	-1	-1	-1	9	8	-1	4	22	18	5	16	33	-1
30	6	-1	5	31	34	-1	8	27	35	-1	32	23	14	7	19	-1	-1	18	36	25	33	-1	13	24	2	21	-1	11	17	9	-1	28	4	-1	29
36	1	-1	-1	-1	-1	25	33	-1	6	23	31	4	30	18	5	21	-1	14	-1	3	7	10	8	-1	13	-1	-1	-1	20	-1	19	-1	26	24	11
-1	5	17	26	14	30	12	32	24	13	-1	28	21	35	29	-1	-1	-1	25	19	22	20	3	9	-1	-1	36	-1	-1	15	-1	2	-1	34	-1	18
12	24	34	6	16	-1	19	1	36	-1	30	-1	-1	9	26	-1	-1	2	33	8	13	29	14	18	-1	3	31	21	35	25	7	-1	-1	28	15	10
-1	25	8	32	2	15	10	21	9	16	3	-1	28	-1	34	-1	-1	17	35	24	-1	-1	7	11	-1	33	-1	-1	5	-1	-1	-1	-1	20	36	31
-1	28	33	10	11	23	22	-1	7	26	-1	25	16	24	36	1	-1	5	6	30	31	32	21	12	20	34	18	4	13	27	19	-1	-1	8	17	-1
4	9	-1	29	21	-1	-1	20	18	31	-1	35	22	19	14	-1	7	-1	-1	17	16	2	15	34	26	-1	12	-1	28	-1	6	24	33	5	25	30
1	35	7	-1	-1	19	6	15	29	8	34	27	-1	25	-1	20	11	30	-1	26	5	28	-1	4	9	24	22	16	17	2	-1	21	-1	-1	3	-1
6	-1	-1	3	-1	7	-1	5	-1	-1	8	-1	30	23	-1	18	35	-1	34	2	20	9	17	-1	13	29	14	25	-1	32	-1	12	26	-1	21	1
8	-1	-1	-1	-1	17	7	22	-1	-1	21	-1	34	10	-1	28	27	14	29	25	11	3	26	-1	36	23	15	18	-1	35	13	-1	-1	31	5	16
-1	-1	26	-1	-1	16	2	-1	-1	17	1	-1	-1	-1	20	12	-1	4	-1	32	24	-1	28	5	11	6	-1	33	34	-1	35	9	22	36	-1	-1
-1	34	18	-1	35	2	26	25	-1	-1	19	20	5	13	24	29	33	-1	-1	21	-1	15	30	-1	27	28	-1	-1	31	22	-1	8	-1	10	32	17
15	32	5	14	27	-1	-1	-1	35	34	36	13	-1	17	22	26	6	-1	12	-1	8	16	31	1	30	-1	7	19	9	3	-1	25	24	-1	4	28
28	13	1	21	-1	24	31	16	-1	15	12	33	-1	3	19	-1	-1	32	27	-1	-1	18	22	-1	8	4	17	2	26	5	20	30	23	29	-1	-1
-1	3	9	-1	12	35	16	-1	2	29	-1	23	17	-1	10	21	31	27	11	6	33	22	25	28	1	30	5	20	14	-1	24	-1	-1	-1	-1	36
-1	30	-1	23	-1	-1	-1	36	-1	-1	25	-1	33	29	28	4	2	-1	-1	-1	19	-1	-1	3	32	-1	-1	34	12	24	5	27	31	35	11	14
17	26	-1	18	10	11	-1	3	22	4	9	12	36	-1	16	23	-1	-1	-1	20	29	13	5	7	-1	35	8	27	-1	-1	1	28	6	-1	30	-1
-1	7	14	16	-1	25	-1	17	19	21	27	30	9	-1	13	-1	18	35	31	4	23	-1	-1	26	-1	-1	28	-1	33	11	12	20	29	3	8	15
24	-1	20	4	34	33	-1	11	1	28	31	15	-1	22	6	30	-1	26	-1	-1	12	27	35	14	2	21	13	17	3	19	23	7	18	-1	16	9
19	36	27	15	28	31	35	34	-1	14	5	6	3	12	11	7	32	20	24	16	1	-1	-1	21	4	26	-1	9	18	-1	25	17	10	22	2	13
