6
1
-1	-1	5	-1	11	27	-1	6	-1	-1	-1	-1	-1	8	-1	-1	-1	31	-1	-1	12	-1	18	-1	-1	22	-1	33	-1	13	-1	4	-1	32	24	10
-1	3	31	-1	28	-1	-1	18	-1	-1	12	25	-1	-1	-1	19	-1	20	-1	-1	15	4	2	-1	36	-1	8	-1	30	10	22	27	-1	-1	-1	16
13	-1	10	-1	2	1	-1	24	-1	8	26	-1	-1	29	-1	-1	-1	-1	-1	9	23	-1	-1	34	-1	5	-1	27	16	-1	28	7	36	17	-1	6
24	-1	-1	34	-1	12	17	1	28	30	16	10	4	-1	33	11	26	13	-1	31	-1	8	-1	-1	-1	-1	21	29	-1	-1	-1	-1	-1	5	-1	-1
-1	-1	-1	29	-1	-1	-1	-1	-1	4	13	-1	10	16	-1	36	-1	5	6	7	-1	-1	-1	19	-1	-1	3	34	9	17	31	8	-1	-1	-1	1
20	-1	26	-1	-1	-1	-1	29	34	19	33	31	-1	21	23	27	18	-1	-1	-1	10	-1	-1	-1	15	35	24	6	4	-1	9	-1	11	-1	3	13
35	-1	3	-1	-1	-1	-1	10	-1	2	-1	28	-1	32	-1	15	19	23	-1	-1	14	-1	20	-1	7	36	34	-1	-1	9	-1	-1	-1	-1	12	25
9	10	-1	-1	1	-1	-1	-1	-1	-1	-1	-1	-1	-1	-1	-1	-1	2	-1	34	7	-1	13	4	-1	-1	20	5	-1	25	-1	-1	23	-1	16	-1
-1	-1	-1	32	-1	7	-1	-1	-1	34	5	35	-1	10	-1	-1	-1	25	22	-1	-1	1	36	16	11	-1	-1	-1	27	19	-1	-1	-1	31	-1	28
-1	-1	11	-1	-1	-1	-1	23	6	-1	-1	-1	-1	30	3	31	13	16	35	-1	8	-1	26	5	-1	28	29	4	21	33	1	20	-1	-1	-1	17
19	4	17	-1	-1	-1	31	15	33	29	20	36	-1	34	-1	-1	9	-1	18	-1	-1	3	-1	-1	26	-1	10	-1	13	12	6	-1	-1	14	-1	-1
34	21	36	-1	13	-1	4	25	16	-1	27	22	-1	6	20	-1	-1	-1	-1	15	31	32	-1	-1	-1	-1	1	-1	3	8	30	-1	-1	19	10	29
36	23	-1	21	-1	6	7	31	-1	-1	35	-1	20	4	8	-1	-1	-1	-1	-1	32	-1	-1	-1	28	19	33	18	-1	29	11	34	5	30	27	14
4	-1	30	18	34	28	-1	-1	20	-1	6	13	24	-1	-1	26	29	21	14	-1	25	-1	-1	-1	22	-1	11	1	32	36	33	31	10	-1	-1	3
2	13	19	-1	-1	9	-1	-1	-1	32	-1	8	-1	-1	15	3	-1	-1	1	18	26	-1	-1	-1	-1	10	31	21	-1	-1	-1	29	-1	-1	6	7
7	-1	29	-1	-1	5	10	-1	-1	-1	34	21	-1	-1	2	-1	6	-1	19	35	-1	31	17	-1	-1	3	-1	20	-1	23	-1	28	-1	9	-1	-1
8	26	1	11	10	32	-1	36	-1	22	-1	-1	25	-1	-1	-1	-1	-1	7	-1	4	-1	21	-1	-1	15	-1	2	-1	6	-1	23	-1	12	19	20
3	-1	16	-1	-1	25	28	-1	-1	18	-1	-1	17	-1	22	-1	23	35	30	6	-1	-1	-1	-1	-1	-1	13	-1	5	-1	26	2	-1	-1	15	36
23	-1	18	22	-1	-1	26	2	-1	10	19	1	9	24	-1	-1	16	-1	32	14	-1	35	4	-1	27	-1	30	-1	-1	-1	3	6	28	-1	7	-1
15	27	4	7	31	-1	35	-1	13	-1	3	-1	-1	-1	-1	28	-1	36	10	-1	9	12	25	2	19	1	16	-1	33	11	32	24	20	23	-1	34
-1	-1	-1	-1	-1	29	-1	22	-1	27	-1	7	23	-1	-1	21	11	-1	16	-1	19	-1	-1	-1	20	-1	35	-1	-1	-1	14	-1	-1	-1	-1	-1
11	35	-1	8	16	-1	-1	-1	29	-1	-1	-1	34	-1	-1	-1	-1	27	23	1	6	26	3	-1	10	7	17	-1	14	-1	19	18	33	21	-1	9
14	1	-1	-1	19	10	-1	-1	21	-1	-1	-1	7	13	-1	20	35	-1	-1	-1	28	22	34	-1	32	2	23	12	8	4	-1	-1	30	29	-1	-1
-1	-1	2	-1	26	-1	34	20	23	-1	-1	15	19	-1	-1	-1	-1	-1	-1	-1	-1	7	27	-1	-1	-1	-1	9	-1	-1	-1	16	-1	36	35	4
-1	-1	15	-1	18	4	-1	-1	12	7	-1	-1	1	-1	-1	5	27	11	34	19	35	-1	-1	-1	33	24	-1	-1	-1	3	-1	10	-1	28	29	8
-1	2	12	19	-1	31	-1	-1	9	-1	22	29	3	-1	-1	-1	8	4	-1	-1	-1	-1	-1	-1	-1	-1	18	35	10	-1	-1	-1	13	16	-1	24
-1	-1	-1	1	-1	-1	-1	19	-1	-1	-1	-1	-1	-1	-1	-1	-1	-1	-1	2	13	-1	29	-1	8	-1	7	22	6	-1	15	33	-1	-1	-1	-1
-1	8	-1	27	24	11	-1	33	-1	-1	2	18	29	22	-1	-1	10	26	-1	-1	16	-1	1	25	-1	13	-1	-1	15	-1	35	-1	34	7	14	-1
29	-1	-1	26	25	-1	8	4	27	-1	15	-1	-1	12	-1	9	7	-1	-1	-1	5	-1	31	10	-1	14	-1	-1	-1	-1	2	-1	3	-1	-1	-1
22	-1	9	10	-1	-1	16	34	-1	6	24	3	-1	-1	-1	-1	-1	19	8	-1	-1	-1	12	7	31	-1	-1	11	-1	-1	4	-1	25	1	-1	21
-1	-1	27	-1	3	8	-1	7	18	13	-1	-1	32	-1	-1	34	-1	-1	26	16	-1	-1	-1	12	-1	-1	36	24	-1	35	29	-1	15	10	-1	23
-1	-1	6	16	-1	21	29	-1	10	26	-1	32	31	1	-1	13	-1	-1	-1	-1	-1	-1	-1	-1	-1	-1	-1	19	17	-1	7	-1	-1	-1	-1	-1
-1	24	7	35	29	-1	1	-1	11	-1	21	34	16	15	-1	-1	25	9	33	32	2	-1	-1	14	13	-1	-1	-1	-1	-1	-1	30	26	3	-1	22
31	-1	-1	-1	-1	-1	-1	28	-1	23	14	16	11	-1	-1	30	2	24	5	-1	3	-1	22	-1	21	25	15	7	-1	-1	12	-1	-1	8	32	19
26	-1	-1	-1	22	19	-1	-1	-1	33	9	-1	-1	3	28	-1	4	-1	-1	-1	-1	13	8	-1	-1	-1	-1	10	1	18	24	-1	16	11	-1	31
-1	-1	14	28	-1	34	-1	-1	22	-1	-1	-1	8	-1	26	23	-1	29	-1	-1	-1	9	7	-1	5	-1	32	3	-1	30	13	-1	-1	-1	-1	33
