7
1
-1	-1	7	17	32	40	-1	-1	-1	-1	19	48	4	-1	23	-1	-1	8	-1	13	-1	-1	-1	21	45	-1	-1	-1	-1	29	39	-1	-1	16	-1	-1	5	-1	-1	2	-1	-1	-1	-1	-1	34	30	-1	24
-1	27	-1	16	-1	-1	-1	-1	49	28	-1	10	-1	2	37	24	-1	1	26	-1	-1	-1	-1	-1	-1	-1	12	-1	-1	31	-1	9	-1	-1	-1	-1	42	33	35	-1	-1	48	-1	45	-1	-1	11	29	-1
-1	-1	38	8	28	-1	14	9	-1	-1	23	-1	35	15	-1	-1	49	-1	-1	-1	7	37	-1	-1	-1	5	31	32	-1	-1	13	48	-1	-1	-1	-1	16	-1	-1	-1	-1	-1	-1	18	27	-1	40	46	-1
-1	-1	-1	-1	-1	-1	-1	-1	13	-1	20	42	-1	-1	-1	-1	6	-1	45	-1	-1	-1	-1	2	16	44	33	-1	22	14	7	-1	-1	17	-1	-1	-1	24	-1	-1	21	-1	-1	49	-1	23	8	-1	26
36	-1	-1	44	-1	21	48	-1	-1	-1	24	-1	-1	-1	-1	-1	15	-1	32	-1	-1	26	4	-1	-1	-1	-1	23	43	-1	-1	46	-1	-1	-1	-1	-1	22	13	31	-1	9	-1	-1	-1	-1	6	-1	47
35	29	20	-1	49	-1	-1	-1	-1	14	45	26	-1	31	25	-1	11	-1	-1	42	-1	40	39	-1	-1	36	38	-1	10	33	-1	-1	41	-1	-1	12	-1	-1	-1	-1	27	-1	-1	48	13	-1	-1	43	3
-1	42	-1	46	15	-1	45	-1	18	-1	-1	29	-1	-1	12	-1	-1	-1	-1	21	16	48	-1	-1	8	9	13	-1	5	-1	24	-1	3	-1	-1	40	38	49	-1	-1	11	-1	37	-1	-1	-1	-1	-1	-1
-1	41	-1	-1	30	-1	-1	-1	-1	-1	-1	-1	33	-1	-1	-1	13	-1	9	-1	2	-1	-1	48	-1	40	-1	-1	-1	-1	18	-1	43	19	10	-1	34	-1	-1	-1	37	-1	31	-1	-1	-1	16	15	-1
6	-1	-1	-1	7	46	16	-1	-1	-1	-1	2	-1	-1	-1	38	-1	-1	-1	49	35	-1	1	-1	-1	-1	-1	22	41	-1	-1	-1	-1	-1	-1	-1	-1	13	-1	-1	-1	-1	32	11	43	28	-1	-1	45
49	14	-1	-1	35	45	-1	-1	-1	27	47	8	-1	16	-1	28	1	-1	-1	-1	39	-1	-1	-1	-1	-1	-1	-1	26	-1	-1	4	2	7	12	42	-1	21	-1	-1	-1	22	-1	-1	-1	44	19	-1	29
-1	-1	-1	-1	-1	-1	38	-1	39	13	-1	-1	44	40	42	-1	-1	31	41	-1	27	11	-1	-1	-1	-1	34	6	-1	-1	-1	-1	-1	-1	-1	-1	-1	47	-1	-1	-1	-1	-1	-1	37	-1	46	26	23
-1	-1	37	28	39	8	-1	-1	1	18	-1	-1	-1	-1	-1	-1	3	-1	43	34	-1	-1	-1	-1	46	-1	26	27	23	13	-1	-1	-1	48	36	-1	-1	25	-1	-1	-1	41	-1	-1	10	-1	24	5	-1
-1	43	-1	13	-1	-1	36	10	-1	-1	-1	41	-1	-1	19	-1	-1	-1	-1	-1	26	17	-1	-1	-1	23	2	30	-1	-1	37	29	-1	-1	-1	-1	28	-1	6	-1	24	5	-1	-1	40	-1	-1	-1	14
18	2	-1	40	-1	-1	34	-1	19	5	-1	-1	-1	25	-1	16	-1	10	-1	-1	-1	12	3	-1	36	28	44	-1	46	45	-1	-1	42	-1	8	-1	7	-1	-1	-1	-1	-1	-1	-1	-1	-1	-1	-1	6
-1	-1	-1	2	-1	22	13	-1	-1	31	-1	-1	-1	-1	28	7	-1	-1	33	-1	-1	4	-1	-1	24	-1	-1	-1	-1	-1	-1	26	-1	29	-1	-1	-1	46	5	-1	18	-1	-1	41	-1	-1	-1	8	-1
-1	-1	-1	43	21	-1	49	-1	22	29	-1	-1	-1	-1	-1	-1	-1	-1	-1	37	-1	-1	12	8	-1	-1	36	28	1	-1	-1	-1	-1	-1	-1	35	-1	3	-1	-1	-1	33	-1	40	23	31	-1	-1	-1
45	40	10	-1	-1	-1	-1	-1	-1	43	37	-1	3	8	13	47	-1	-1	49	-1	1	-1	-1	-1	-1	46	-1	-1	-1	4	42	-1	-1	-1	21	-1	-1	-1	-1	-1	19	-1	20	-1	14	-1	-1	-1	17
-1	-1	-1	-1	-1	-1	32	-1	46	-1	-1	5	-1	-1	-1	-1	-1	-1	36	4	-1	34	-1	31	14	41	42	-1	-1	-1	-1	-1	-1	25	-1	28	-1	-1	22	-1	-1	-1	-1	-1	49	10	-1	13	-1
19	-1	-1	4	23	17	-1	2	33	-1	16	-1	-1	11	43	-1	-1	42	35	-1	-1	-1	-1	5	40	-1	29	-1	31	47	10	-1	-1	-1	-1	27	48	15	-1	36	-1	-1	45	-1	46	-1	44	3	12
42	-1	-1	-1	46	-1	11	-1	10	-1	-1	-1	21	-1	-1	41	-1	5	-1	31	-1	-1	49	23	48	-1	-1	-1	-1	35	-1	33	13	3	-1	29	-1	32	4	-1	-1	-1	38	-1	-1	18	47	-1	28
48	34	-1	5	-1	-1	7	-1	32	-1	49	27	-1	-1	-1	19	40	11	-1	-1	-1	-1	-1	3	-1	-1	30	37	36	9	-1	-1	-1	12	-1	8	14	-1	-1	26	-1	45	-1	-1	24	-1	-1	35	-1
-1	-1	-1	-1	-1	13	12	-1	-1	20	-1	-1	36	41	-1	37	-1	6	-1	-1	47	-1	38	1	26	-1	-1	-1	-1	-1	-1	-1	-1	46	-1	14	11	-1	-1	-1	42	49	-1	-1	25	15	-1	44	-1
38	-1	47	-1	5	3	10	-1	-1	22	-1	49	-1	-1	-1	26	-1	-1	42	-1	-1	36	30	-1	-1	48	28	18	35	15	-1	-1	-1	33	16	-1	24	-1	-1	13	-1	6	-1	37	-1	-1	20	-1	-1
-1	-1	26	-1	-1	-1	-1	-1	-1	-1	-1	15	-1	-1	-1	8	-1	9	-1	-1	-1	-1	13	33	23	37	11	12	-1	-1	-1	-1	4	-1	-1	-1	-1	-1	17	44	10	-1	-1	3	19	6	-1	31	-1
46	45	-1	-1	44	9	-1	42	-1	-1	34	-1	17	-1	-1	-1	27	-1	-1	-1	-1	8	40	-1	31	-1	-1	-1	-1	-1	-1	-1	-1	5	26	-1	39	-1	-1	-1	25	-1	13	47	-1	4	-1	-1	-1
11	-1	49	-1	-1	48	-1	14	-1	8	10	16	23	-1	-1	3	30	-1	17	-1	-1	47	-1	-1	21	-1	-1	42	-1	44	27	-1	-1	37	-1	-1	-1	-1	-1	-1	-1	-1	-1	36	-1	29	28	-1	-1
29	-1	-1	-1	-1	37	21	-1	-1	1	28	9	48	-1	-1	33	-1	-1	38	-1	-1	-1	-1	-1	20	-1	-1	-1	47	43	-1	14	-1	-1	-1	-1	26	4	-1	-1	40	19	-1	-1	-1	-1	-1	-1	5
-1	-1	4	39	-1	-1	-1	38	-1	-1	-1	-1	-1	-1	-1	-1	36	21	13	24	-1	-1	15	-1	-1	-1	6	-1	18	48	-1	-1	20	-1	-1	33	30	-1	41	-1	47	3	-1	-1	1	16	35	14	10
-1	3	-1	-1	-1	-1	6	-1	20	-1	-1	-1	28	38	-1	-1	-1	-1	29	-1	-1	30	5	-1	34	1	-1	-1	16	-1	21	-1	-1	32	-1	-1	9	17	-1	-1	14	47	41	39	33	-1	-1	11	8
-1	-1	-1	38	-1	-1	-1	-1	-1	19	46	39	-1	-1	-1	12	28	-1	-1	2	-1	-1	-1	-1	-1	-1	-1	-1	9	36	-1	-1	37	-1	7	-1	21	-1	42	-1	4	-1	34	-1	6	24	-1	-1	-1
9	18	-1	-1	4	15	-1	24	-1	-1	13	43	37	-1	39	-1	25	-1	-1	-1	-1	-1	-1	-1	-1	11	40	-1	34	28	-1	31	-1	30	-1	-1	-1	10	-1	-1	35	-1	14	-1	-1	-1	-1	-1	-1
-1	49	-1	-1	13	-1	-1	-1	48	-1	27	-1	9	-1	36	31	19	-1	15	-1	42	-1	-1	-1	4	-1	10	-1	25	-1	-1	23	-1	-1	24	-1	-1	-1	11	34	44	8	16	-1	-1	-1	-1	-1	30
-1	-1	31	-1	-1	-1	-1	-1	-1	-1	-1	-1	16	-1	-1	-1	-1	-1	-1	10	-1	-1	-1	-1	28	17	-1	48	39	-1	46	-1	-1	-1	19	-1	-1	-1	15	-1	-1	27	35	-1	20	-1	-1	7	-1
-1	30	-1	48	-1	-1	-1	-1	-1	-1	-1	17	-1	-1	-1	-1	-1	16	-1	32	11	-1	-1	-1	-1	-1	-1	24	-1	6	33	38	27	49	29	-1	-1	-1	7	-1	-1	13	-1	5	-1	-1	26	-1	-1
17	-1	34	-1	16	-1	8	26	14	-1	-1	-1	-1	21	35	6	-1	-1	-1	38	-1	23	-1	19	-1	-1	9	-1	-1	-1	-1	-1	-1	-1	-1	39	45	-1	25	24	-1	1	-1	2	-1	12	-1	-1	-1
3	-1	-1	12	-1	-1	-1	-1	-1	-1	-1	32	-1	39	-1	-1	7	35	27	-1	-1	15	-1	-1	-1	43	41	25	-1	-1	22	-1	-1	47	-1	-1	-1	-1	-1	21	28	11	30	-1	8	26	45	17	20
-1	-1	-1	-1	-1	49	-1	-1	26	-1	-1	-1	10	22	-1	-1	-1	40	28	-1	-1	5	-1	-1	12	34	-1	11	32	-1	-1	-1	-1	-1	-1	-1	-1	36	-1	14	-1	-1	-1	-1	7	-1	21	-1	-1
31	-1	36	15	-1	33	18	1	-1	45	-1	7	20	14	-1	13	-1	-1	-1	-1	-1	-1	-1	26	22	2	-1	-1	6	-1	3	-1	-1	-1	-1	30	-1	-1	-1	5	16	39	-1	23	-1	-1	-1	-1	35
-1	-1	-1	-1	24	-1	-1	40	38	30	6	-1	34	13	9	10	-1	-1	-1	-1	-1	-1	-1	-1	-1	-1	3	-1	7	5	-1	-1	49	-1	-1	-1	2	-1	-1	25	-1	-1	-1	-1	47	48	-1	28	-1
23	16	-1	14	-1	-1	40	41	-1	46	35	25	2	-1	6	-1	29	-1	-1	22	-1	44	-1	-1	-1	-1	47	-1	12	-1	43	-1	-1	-1	-1	-1	-1	-1	26	49	-1	-1	-1	-1	-1	13	-1	-1	-1
-1	32	29	34	17	-1	-1	-1	-1	44	-1	3	-1	-1	30	4	-1	45	5	33	25	7	23	-1	1	-1	-1	46	-1	39	40	41	-1	10	13	24	35	19	-1	-1	-1	12	-1	14	-1	-1	-1	2	42
-1	-1	22	-1	-1	-1	35	-1	12	-1	4	21	29	43	-1	32	-1	38	-1	26	14	-1	-1	-1	-1	39	-1	13	-1	42	-1	-1	-1	45	-1	47	-1	-1	-1	41	3	-1	-1	44	-1	-1	-1	-1	-1
-1	33	14	22	-1	-1	41	-1	-1	25	-1	-1	-1	42	16	48	-1	-1	-1	-1	-1	-1	-1	-1	-1	-1	-1	-1	-1	26	36	-1	-1	-1	49	-1	27	-1	-1	1	-1	15	8	-1	-1	-1	4	24	13
32	23	-1	-1	-1	-1	-1	-1	-1	-1	2	36	5	-1	38	42	-1	13	40	41	24	-1	18	-1	-1	27	-1	34	-1	10	-1	7	-1	-1	22	-1	-1	45	47	39	-1	25	-1	-1	-1	3	-1	-1	19
-1	-1	-1	-1	-1	16	-1	35	-1	-1	-1	24	18	-1	46	-1	-1	-1	-1	-1	-1	-1	42	39	-1	-1	48	36	29	-1	8	-1	-1	1	15	41	13	-1	19	-1	-1	40	11	33	21	-1	-1	-1	2
-1	13	21	-1	-1	39	4	28	31	-1	-1	14	-1	-1	-1	23	-1	34	-1	44	-1	38	-1	-1	-1	-1	-1	-1	-1	-1	-1	42	-1	20	-1	-1	-1	-1	-1	29	7	-1	-1	32	-1	-1	-1	-1	18
-1	11	-1	31	43	-1	-1	-1	-1	-1	-1	-1	-1	-1	1	-1	45	33	-1	-1	-1	41	29	49	-1	6	23	21	-1	27	-1	34	40	-1	-1	9	22	-1	-1	-1	-1	-1	26	16	-1	7	-1	12	-1
-1	-1	-1	37	36	34	29	-1	-1	-1	-1	23	-1	-1	-1	15	-1	2	10	-1	6	-1	26	20	-1	-1	-1	-1	-1	-1	-1	-1	-1	18	33	-1	-1	-1	-1	-1	-1	16	-1	1	31	-1	-1	25	-1
2	-1	-1	-1	48	18	-1	-1	-1	16	-1	34	12	1	-1	49	21	28	-1	36	-1	-1	-1	22	-1	24	-1	-1	-1	-1	-1	-1	-1	38	-1	23	8	-1	-1	-1	26	-1	-1	-1	-1	-1	-1	-1	41
196 
31 33 44 3
3 38 24 35
31 33 15 36
25 16 1 32
33 23 21 41
42 17 21 41
3 35 7 19
24 30 26 42
34 36 3 20
31 47 45 25
1 7 37 43
3 20 27 35
7 18 23 9
36 35 3 29
13 6 4 2
6 43 38 48
24 9 8 15
49 2 36 8
35 11 28 28
46 43 36 8
17 24 45 2
10 9 36 25
17 24 1 10
41 41 45 2
23 4 13 18
40 6 29 20
20 42 18 43
45 9 12 49
41 29 8 46
9 17 19 32
8 46 19 32
40 38 38 27
14 24 9 9
4 43 38 39
17 22 33 46
42 10 10 44
22 33 47 1
10 4 16 37
1 39 47 1
16 37 34 14
17 40 38 30
16 49 43 29
30 34 23 32
10 31 15 24
11 12 39 43
5 31 46 17
13 5 8 38
46 17 18 21
14 47 48 25
2 1 30 44
33 34 49 32
21 22 47 13
30 5 45 18
36 29 7 42
25 27 8 16
15 1 8 16
15 13 12 26
37 41 44 24
34 45 40 9
15 13 37 41
41 17 18 1
15 20 44 27
37 49 24 19
37 49 36 30
21 33 8 11
15 23 30 15
2 25 32 30
28 7 23 43
32 45 21 19
4 5 22 4
43 18 41 47
1 16 41 47
42 25 6 28
48 29 3 19
22 26 28 21
38 32 2 31
15 26 7 46
8 36 13 44
7 46 12 1
1 41 19 2
43 39 2 49
21 43 14 11
24 34 22 8
48 10 38 21
26 2 22 27
2 5 26 2
28 34 45 19
27 15 48 43
30 6 21 14
30 6 15 21
15 21 25 31
21 14 29 18
17 42 26 9
16 19 40 44
37 27 10 7
20 14 10 7
2 33 42 43
26 24 7 23
19 16 33 4
2 33 9 18
1 38 32 31
29 15 31 28
18 5 44 17
33 36 1 38
16 22 28 24
15 18 27 9
31 20 46 15
41 13 35 6
32 7 41 14
35 45 40 33
22 35 4 42
1 29 17 12
43 9 39 25
49 21 23 18
22 31 37 33
14 42 38 43
16 16 11 44
4 4 47 6
3 40 40 26
43 11 19 42
43 21 28 2
17 6 29 28
9 42 23 8
30 49 39 35
43 41 23 49
48 22 39 36
32 6 27 39
32 6 27 39
17 48 31 21
22 1 39 39
30 7 39 39
10 22 3 15
28 31 17 33
9 30 43 44
10 48 24 47
6 19 42 49
14 28 25 9
5 16 25 9
24 20 37 31
5 16 37 31
35 48 9 39
41 46 3 10
33 14 9 39
31 4 17 9
42 19 10 23
46 30 4 35
42 19 6 39
25 36 29 27
2 21 16 40
48 2 16 40
21 6 40 5
12 41 1 48
3 43 34 25
49 46 47 11
48 32 34 25
22 28 39 7
2 35 5 12
46 28 43 1
5 12 49 9
5 12 2 35
23 46 1 9
35 17 39 21
32 34 35 17
19 35 33 41
48 47 15 40
13 25 40 42
5 26 31 9
34 22 5 26
1 27 23 24
43 32 30 42
48 9 45 16
4 18 10 8
29 12 21 25
49 45 2 43
47 9 1 19
28 16 39 6
46 24 37 23
24 32 12 22
16 15 22 39
30 28 28 14
46 46 32 3
1 42 36 44
24 37 38 33
42 39 10 41
13 43 33 6
33 6 37 2
3 33 14 20
12 7 41 9
35 29 15 47
25 38 46 31
11 17 25 38
29 40 38 19
29 8 45 46
24 49 27 21
46 10 42 47
30 22 25 32
