4
1
4	-1	5	-1	-1	-1	3	-1	-1	-1	7	-1	8	-1	1	-1
-1	-1	-1	11	1	16	-1	-1	14	3	-1	9	-1	13	-1	-1
-1	-1	-1	-1	7	-1	6	4	15	-1	-1	11	3	10	12	5
-1	3	2	-1	-1	11	-1	10	1	8	5	-1	-1	4	-1	16
-1	-1	1	-1	15	-1	2	-1	-1	-1	-1	6	14	-1	-1	13
-1	-1	-1	-1	4	-1	-1	-1	-1	-1	10	7	-1	11	8	-1
-1	-1	8	5	13	-1	1	-1	-1	4	2	-1	-1	-1	10	-1
15	-1	-1	12	-1	-1	11	-1	-1	1	-1	-1	16	-1	-1	-1
-1	-1	-1	-1	-1	2	-1	-1	-1	-1	-1	8	13	7	-1	-1
-1	-1	11	8	-1	13	-1	-1	-1	-1	-1	-1	-1	-1	9	-1
12	16	-1	-1	-1	-1	7	14	10	-1	-1	-1	-1	-1	-1	3
13	15	10	-1	9	4	16	-1	7	-1	1	2	-1	5	-1	-1
-1	-1	3	-1	11	5	4	2	-1	-1	-1	-1	-1	-1	7	-1
-1	11	9	4	3	-1	-1	15	-1	-1	-1	-1	-1	-1	-1	-1
-1	-1	12	-1	10	-1	-1	7	8	16	-1	-1	-1	9	-1	-1
-1	2	-1	10	-1	-1	9	12	11	-1	-1	4	-1	-1	3	-1
16 
3 1 14 6
15 13 3 10
15 11 6 1
2 11 11 3
10 5 11 10
14 1 12 13
4 1 2 13
5 11 2 8
8 8 9 10
9 16 1 12
9 11 15 15
1 9 13 13
6 2 16 10
13 12 7 2
1 6 15 4
1 4 7 9
