5
1
6	22	1	-1	-1	-1	8	-1	-1	24	-1	13	-1	7	-1	-1	3	15	11	-1	-1	20	-1	-1	25
-1	11	-1	17	5	-1	-1	-1	-1	-1	24	1	16	-1	8	-1	19	23	18	-1	15	13	9	-1	4
9	15	-1	-1	-1	25	14	23	-1	-1	18	-1	-1	-1	12	13	4	-1	20	5	-1	11	-1	-1	-1
18	20	-1	-1	-1	15	19	13	-1	-1	11	25	9	-1	-1	-1	-1	10	8	16	24	6	5	-1	-1
-1	13	19	12	-1	-1	-1	-1	-1	-1	-1	-1	3	-1	-1	1	-1	-1	24	-1	-1	14	10	-1	18
-1	-1	-1	6	-1	-1	3	7	1	-1	13	20	-1	16	-1	-1	10	-1	-1	19	25	18	-1	15	-1
3	-1	14	2	-1	6	-1	17	13	-1	-1	19	23	10	-1	-1	-1	-1	-1	15	-1	-1	-1	-1	-1
16	25	15	20	10	24	22	-1	-1	-1	17	-1	8	4	3	-1	-1	1	2	12	-1	-1	11	-1	-1
19	-1	-1	-1	9	2	5	25	-1	-1	6	-1	-1	-1	14	16	-1	-1	23	-1	10	1	20	3	-1
13	7	5	1	-1	-1	-1	16	-1	-1	2	9	11	-1	-1	-1	-1	22	3	14	-1	12	19	24	-1
-1	-1	6	-1	24	-1	9	20	-1	2	10	-1	-1	22	-1	19	-1	-1	14	11	-1	15	-1	25	-1
2	-1	8	13	-1	7	-1	-1	-1	-1	9	23	-1	-1	11	18	-1	-1	-1	-1	14	5	21	19	-1
-1	5	16	25	17	18	23	8	-1	13	7	14	-1	-1	21	-1	15	-1	6	20	-1	-1	1	11	-1
11	-1	22	14	-1	10	21	-1	-1	-1	12	-1	-1	13	-1	-1	-1	2	-1	1	20	7	-1	-1	-1
21	18	-1	19	-1	-1	6	14	-1	-1	-1	-1	5	1	-1	-1	9	-1	-1	-1	22	17	-1	-1	24
-1	-1	-1	-1	1	5	4	-1	2	-1	-1	-1	7	8	-1	6	-1	19	-1	-1	9	25	16	-1	17
20	-1	-1	9	-1	1	12	21	-1	-1	16	-1	2	5	-1	7	-1	-1	15	17	6	-1	-1	-1	-1
-1	-1	24	10	22	-1	13	-1	20	7	21	-1	25	9	23	-1	1	16	12	18	-1	4	3	-1	19
23	2	18	8	-1	-1	-1	10	6	9	19	15	-1	17	-1	-1	11	21	-1	-1	-1	24	7	12	-1
-1	-1	-1	-1	-1	11	16	24	-1	8	-1	6	10	18	-1	5	25	9	13	2	-1	22	-1	14	20
1	-1	25	-1	14	-1	20	12	-1	15	-1	16	-1	-1	-1	-1	2	3	-1	-1	18	-1	24	17	-1
-1	10	-1	23	-1	-1	-1	18	4	14	-1	3	-1	-1	-1	15	-1	25	-1	-1	-1	16	13	-1	-1
24	16	-1	-1	4	-1	2	-1	8	6	-1	-1	-1	14	-1	-1	-1	18	-1	13	12	-1	-1	5	10
22	-1	-1	-1	-1	13	-1	5	16	-1	-1	24	4	-1	-1	-1	12	11	-1	-1	-1	23	-1	-1	14
7	17	-1	-1	-1	19	24	3	-1	-1	23	-1	1	12	-1	-1	-1	-1	-1	6	-1	8	-1	-1	-1
50 
11 2 20 15
23 19 11 2
4 15 3 23
22 14 13 22
14 25 19 16
20 11 16 4
19 19 21 20
15 11 13 21
25 17 11 18
5 10 21 4
2 8 21 13
10 17 22 5
22 17 3 24
24 21 4 5
6 1 14 12
9 25 22 11
1 8 21 19
25 9 8 16
21 16 2 9
2 9 25 12
23 8 17 25
22 21 25 4
2 6 20 2
12 5 7 10
25 5 9 17
15 18 8 21
18 16 4 17
17 2 18 16
12 7 15 15
23 4 20 23
19 5 7 25
11 15 7 25
24 7 3 9
4 16 24 7
14 23 8 17
11 13 7 7
3 14 1 21
1 21 24 2
12 13 24 16
10 10 2 14
24 19 5 9
23 13 20 21
22 25 5 17
22 25 7 23
16 20 11 21
16 20 10 25
16 15 3 4
3 4 6 18
25 10 19 7
5 1 24 11
