8
1
-1	-1	61	-1	-1	7	-1	-1	-1	-1	-1	-1	-1	-1	-1	-1	-1	-1	-1	-1	-1	-1	12	-1	-1	-1	-1	-1	-1	-1	-1	-1	-1	-1	-1	-1	-1	-1	-1	-1	32	-1	-1	-1	-1	-1	-1	-1	-1	31	-1	-1	-1	-1	16	-1	-1	-1	-1	-1	-1	-1	-1	49
-1	-1	-1	-1	-1	3	-1	-1	-1	-1	-1	-1	-1	-1	-1	-1	-1	8	-1	51	-1	-1	-1	-1	-1	-1	-1	-1	-1	-1	22	-1	-1	-1	-1	-1	-1	-1	-1	-1	-1	-1	-1	-1	-1	-1	-1	-1	-1	-1	-1	-1	-1	50	-1	-1	-1	-1	-1	31	-1	-1	-1	-1
-1	-1	22	-1	-1	-1	-1	-1	-1	-1	-1	-1	-1	-1	-1	-1	-1	-1	-1	-1	1	-1	-1	-1	-1	-1	-1	8	-1	-1	-1	-1	-1	-1	60	-1	-1	-1	-1	-1	-1	-1	-1	-1	-1	-1	-1	-1	-1	-1	-1	-1	-1	-1	-1	-1	-1	5	-1	-1	58	-1	-1	-1
38	-1	-1	-1	-1	-1	-1	-1	-1	-1	-1	-1	-1	-1	-1	-1	-1	-1	16	-1	-1	49	-1	-1	-1	-1	-1	-1	-1	-1	-1	-1	-1	-1	-1	-1	-1	-1	-1	-1	-1	-1	-1	-1	-1	-1	5	-1	-1	-1	-1	-1	-1	-1	-1	-1	-1	-1	-1	-1	-1	-1	-1	-1
-1	-1	-1	-1	-1	-1	-1	-1	-1	-1	-1	-1	-1	31	-1	-1	-1	-1	-1	-1	-1	-1	-1	-1	-1	-1	-1	-1	3	-1	-1	-1	-1	-1	-1	-1	-1	-1	-1	-1	-1	-1	-1	-1	8	-1	-1	-1	-1	-1	-1	-1	-1	-1	-1	-1	-1	-1	-1	-1	-1	-1	19	24
-1	-1	-1	-1	-1	-1	-1	-1	-1	-1	-1	-1	-1	-1	-1	51	-1	-1	-1	-1	-1	-1	-1	-1	-1	-1	-1	-1	-1	-1	-1	-1	-1	-1	-1	-1	-1	-1	-1	-1	40	-1	-1	-1	-1	-1	-1	-1	-1	-1	-1	-1	-1	-1	-1	-1	-1	-1	-1	-1	-1	-1	-1	-1
-1	53	-1	-1	-1	-1	-1	-1	-1	-1	-1	-1	-1	-1	-1	-1	26	-1	-1	10	-1	-1	-1	-1	-1	11	-1	-1	-1	-1	-1	-1	-1	-1	28	-1	-1	-1	-1	-1	-1	-1	-1	-1	-1	-1	33	-1	-1	-1	-1	-1	-1	-1	-1	-1	30	-1	-1	-1	-1	45	-1	-1
-1	-1	-1	-1	-1	-1	-1	-1	-1	-1	-1	45	-1	-1	-1	-1	-1	-1	-1	-1	-1	-1	-1	-1	-1	-1	-1	-1	-1	32	-1	-1	-1	-1	-1	-1	-1	-1	-1	-1	-1	-1	-1	4	-1	-1	-1	-1	-1	-1	15	-1	-1	-1	-1	-1	26	-1	-1	-1	-1	-1	-1	-1
-1	-1	-1	1	41	-1	-1	-1	-1	-1	-1	-1	-1	-1	-1	12	-1	-1	37	-1	-1	38	-1	-1	-1	-1	-1	-1	-1	-1	-1	-1	-1	-1	-1	-1	-1	-1	-1	-1	-1	-1	-1	-1	-1	-1	-1	46	-1	-1	-1	24	-1	-1	-1	-1	-1	-1	-1	-1	35	-1	-1	-1
-1	-1	-1	-1	-1	-1	-1	-1	-1	-1	-1	-1	-1	-1	-1	-1	-1	-1	-1	-1	-1	-1	-1	-1	-1	15	-1	-1	-1	-1	-1	-1	42	-1	-1	-1	-1	-1	-1	-1	48	-1	-1	-1	-1	-1	-1	-1	-1	-1	-1	-1	-1	-1	-1	-1	-1	-1	-1	-1	19	-1	-1	-1
-1	-1	-1	-1	-1	-1	-1	-1	-1	-1	-1	-1	-1	-1	-1	-1	-1	-1	-1	-1	-1	-1	-1	-1	-1	-1	5	18	-1	-1	-1	-1	-1	-1	-1	-1	-1	-1	-1	-1	-1	-1	-1	-1	-1	-1	-1	-1	-1	-1	13	-1	-1	52	-1	-1	-1	-1	49	29	-1	-1	-1	-1
-1	-1	-1	-1	-1	-1	-1	-1	-1	-1	-1	-1	51	-1	-1	25	-1	-1	-1	-1	-1	-1	-1	-1	-1	-1	-1	-1	-1	-1	-1	-1	-1	-1	-1	-1	-1	-1	-1	-1	-1	-1	-1	-1	-1	40	-1	-1	-1	-1	-1	-1	-1	-1	-1	-1	-1	-1	-1	57	24	-1	-1	-1
-1	-1	-1	-1	-1	-1	-1	62	-1	-1	-1	-1	-1	-1	-1	-1	-1	-1	-1	-1	-1	-1	-1	-1	-1	56	-1	-1	-1	-1	-1	-1	-1	51	-1	-1	-1	-1	-1	-1	54	-1	-1	-1	-1	52	-1	-1	-1	-1	-1	-1	-1	-1	-1	-1	-1	-1	-1	-1	-1	-1	-1	8
-1	-1	-1	-1	-1	-1	-1	-1	-1	-1	61	-1	-1	-1	-1	-1	-1	-1	-1	44	-1	-1	-1	-1	-1	-1	-1	-1	47	-1	-1	-1	-1	-1	-1	-1	-1	-1	-1	-1	-1	-1	-1	-1	-1	-1	-1	13	-1	-1	-1	11	-1	-1	40	-1	-1	-1	-1	30	63	-1	-1	-1
-1	-1	-1	-1	-1	-1	-1	-1	-1	30	-1	-1	-1	-1	18	-1	27	-1	12	-1	-1	-1	-1	-1	-1	-1	-1	-1	-1	-1	-1	-1	-1	-1	-1	-1	-1	-1	-1	-1	-1	-1	-1	-1	-1	-1	21	-1	-1	-1	-1	-1	-1	-1	54	-1	-1	13	-1	-1	-1	-1	-1	-1
-1	-1	-1	-1	-1	53	-1	-1	-1	-1	-1	43	-1	59	-1	-1	-1	-1	-1	-1	20	-1	-1	-1	-1	-1	-1	-1	16	-1	-1	-1	-1	31	37	-1	-1	-1	-1	-1	10	-1	-1	-1	-1	-1	-1	-1	-1	-1	-1	-1	-1	34	-1	-1	-1	-1	-1	-1	-1	-1	9	-1
-1	-1	-1	-1	-1	51	-1	-1	-1	-1	-1	-1	4	-1	-1	-1	-1	-1	-1	-1	-1	-1	-1	-1	50	-1	-1	-1	-1	-1	59	-1	-1	-1	2	-1	-1	-1	-1	-1	-1	-1	-1	-1	-1	-1	-1	-1	-1	-1	17	-1	-1	-1	-1	-1	-1	19	28	-1	-1	-1	-1	-1
-1	-1	-1	-1	-1	-1	-1	-1	-1	-1	-1	-1	-1	25	34	-1	-1	-1	-1	-1	-1	19	-1	-1	-1	-1	-1	-1	46	-1	-1	-1	-1	-1	-1	-1	-1	-1	-1	-1	-1	-1	-1	-1	48	-1	-1	-1	-1	-1	-1	-1	-1	-1	-1	-1	-1	-1	-1	-1	-1	-1	-1	-1
54	-1	-1	-1	-1	22	-1	-1	-1	-1	-1	-1	-1	-1	-1	-1	-1	-1	-1	-1	-1	-1	-1	-1	-1	-1	33	-1	4	-1	-1	-1	-1	40	36	9	-1	25	-1	5	-1	-1	-1	-1	-1	-1	-1	-1	-1	-1	-1	-1	-1	-1	-1	-1	6	-1	-1	-1	-1	-1	60	52
-1	-1	-1	-1	-1	17	-1	-1	-1	-1	-1	-1	-1	-1	-1	61	-1	-1	-1	-1	-1	-1	-1	20	-1	-1	-1	-1	-1	-1	-1	-1	-1	-1	-1	-1	-1	-1	-1	-1	-1	-1	-1	-1	-1	-1	-1	44	-1	-1	-1	-1	-1	-1	-1	-1	14	-1	-1	-1	-1	-1	-1	-1
-1	-1	-1	-1	-1	-1	-1	-1	-1	-1	-1	-1	-1	-1	-1	-1	-1	-1	-1	-1	-1	-1	-1	-1	-1	-1	-1	-1	-1	-1	-1	-1	-1	-1	-1	-1	-1	-1	-1	-1	13	-1	-1	-1	-1	-1	-1	-1	-1	-1	43	-1	-1	-1	-1	-1	-1	-1	-1	-1	-1	-1	15	-1
-1	-1	-1	-1	-1	-1	-1	-1	-1	-1	-1	-1	-1	-1	-1	-1	-1	-1	-1	-1	-1	-1	-1	-1	58	-1	-1	10	-1	-1	-1	-1	-1	-1	-1	-1	-1	-1	-1	-1	-1	-1	-1	-1	-1	12	28	1	-1	-1	-1	-1	-1	-1	-1	-1	-1	-1	-1	-1	-1	-1	-1	-1
-1	-1	63	-1	-1	-1	-1	-1	-1	-1	-1	-1	-1	-1	-1	-1	-1	17	-1	-1	-1	-1	24	14	-1	-1	-1	-1	-1	-1	-1	-1	-1	-1	-1	-1	-1	-1	-1	56	-1	-1	21	-1	26	-1	-1	-1	-1	-1	-1	-1	-1	-1	-1	16	-1	-1	-1	-1	-1	-1	-1	-1
-1	50	-1	-1	-1	-1	-1	-1	-1	-1	44	-1	-1	-1	1	-1	-1	-1	-1	-1	-1	-1	-1	-1	-1	-1	-1	-1	19	-1	-1	-1	-1	30	-1	-1	-1	-1	-1	-1	-1	-1	-1	-1	-1	-1	-1	-1	-1	-1	-1	-1	-1	20	-1	-1	-1	-1	-1	-1	-1	-1	-1	-1
-1	-1	-1	12	-1	-1	-1	-1	-1	-1	-1	-1	-1	-1	-1	-1	-1	-1	-1	-1	-1	-1	-1	5	-1	-1	-1	-1	-1	-1	-1	-1	43	-1	-1	-1	-1	-1	-1	-1	-1	-1	-1	-1	-1	-1	-1	-1	-1	39	-1	-1	-1	-1	-1	-1	-1	-1	-1	-1	61	-1	-1	-1
-1	-1	-1	-1	-1	-1	-1	-1	-1	-1	-1	-1	-1	-1	-1	-1	-1	-1	-1	-1	40	-1	-1	-1	-1	-1	-1	-1	-1	-1	-1	-1	-1	-1	-1	-1	-1	-1	-1	-1	-1	-1	59	-1	9	-1	-1	-1	-1	-1	-1	-1	-1	-1	-1	-1	-1	-1	-1	-1	-1	-1	-1	-1
-1	-1	-1	9	-1	-1	24	-1	-1	-1	6	17	-1	-1	-1	-1	-1	-1	-1	-1	56	-1	-1	-1	-1	40	-1	-1	-1	-1	-1	-1	-1	-1	-1	-1	-1	-1	-1	-1	-1	-1	-1	-1	-1	-1	-1	-1	-1	-1	-1	-1	-1	-1	-1	-1	-1	-1	-1	-1	-1	-1	-1	-1
-1	-1	17	-1	-1	-1	-1	-1	23	-1	-1	-1	-1	-1	-1	-1	-1	-1	-1	-1	-1	-1	31	16	59	-1	-1	-1	-1	-1	-1	-1	-1	-1	-1	-1	-1	-1	-1	-1	-1	-1	-1	-1	-1	-1	-1	-1	-1	-1	61	42	-1	-1	15	2	-1	-1	-1	-1	-1	-1	-1	-1
37	-1	-1	-1	-1	44	-1	-1	-1	-1	-1	-1	-1	-1	-1	-1	-1	-1	-1	-1	-1	-1	-1	-1	-1	47	-1	-1	-1	-1	-1	-1	-1	-1	-1	-1	-1	-1	-1	12	-1	-1	58	-1	-1	-1	-1	-1	-1	-1	-1	-1	-1	-1	-1	11	-1	-1	-1	-1	-1	-1	-1	-1
55	-1	-1	-1	-1	-1	-1	-1	-1	58	-1	-1	-1	-1	-1	35	-1	-1	-1	-1	13	-1	-1	-1	-1	-1	-1	-1	-1	45	-1	-1	-1	-1	-1	6	-1	-1	4	-1	-1	-1	-1	21	-1	-1	-1	-1	-1	-1	-1	-1	-1	-1	-1	-1	-1	-1	-1	-1	-1	-1	-1	-1
5	-1	-1	-1	-1	46	-1	39	-1	-1	-1	-1	-1	-1	-1	-1	-1	-1	-1	55	-1	-1	-1	-1	-1	-1	10	-1	-1	-1	-1	-1	-1	-1	-1	-1	54	31	-1	-1	-1	-1	45	-1	-1	-1	-1	-1	-1	-1	41	-1	-1	-1	63	-1	-1	-1	-1	-1	-1	-1	-1	-1
29	-1	-1	-1	-1	-1	-1	-1	-1	-1	-1	-1	-1	-1	-1	-1	-1	-1	-1	-1	-1	-1	-1	-1	21	-1	-1	-1	-1	-1	-1	-1	-1	-1	-1	-1	-1	-1	-1	-1	5	-1	-1	-1	-1	-1	-1	-1	-1	-1	-1	-1	-1	-1	-1	-1	-1	-1	-1	-1	-1	-1	-1	-1
-1	48	-1	-1	43	-1	-1	-1	-1	-1	-1	-1	-1	-1	-1	-1	-1	-1	6	-1	-1	-1	5	-1	-1	-1	-1	-1	61	-1	-1	-1	-1	-1	29	-1	-1	-1	-1	-1	-1	-1	7	-1	-1	-1	-1	-1	-1	-1	57	-1	-1	-1	-1	-1	-1	-1	-1	-1	-1	-1	-1	-1
-1	-1	-1	-1	14	-1	-1	-1	-1	17	-1	-1	-1	-1	-1	-1	-1	-1	-1	-1	-1	-1	-1	-1	-1	-1	-1	-1	36	-1	-1	-1	-1	-1	-1	-1	-1	-1	-1	-1	-1	-1	-1	-1	-1	13	-1	-1	-1	-1	-1	-1	-1	-1	-1	-1	-1	54	57	-1	-1	-1	-1	-1
-1	-1	-1	-1	-1	-1	-1	-1	-1	-1	-1	-1	-1	-1	-1	-1	38	-1	-1	-1	-1	-1	-1	-1	-1	-1	19	-1	-1	-1	-1	-1	-1	-1	-1	-1	-1	-1	18	-1	-1	-1	-1	-1	63	-1	35	-1	-1	-1	-1	-1	-1	-1	-1	-1	-1	-1	-1	-1	-1	-1	-1	-1
-1	17	-1	-1	-1	-1	-1	53	47	-1	-1	-1	-1	-1	-1	-1	-1	-1	-1	-1	-1	-1	-1	-1	-1	-1	-1	-1	-1	-1	-1	9	-1	-1	-1	-1	-1	58	-1	38	-1	-1	-1	-1	-1	-1	-1	-1	-1	-1	-1	4	-1	-1	51	-1	-1	-1	-1	-1	-1	11	-1	-1
-1	-1	-1	-1	-1	-1	-1	-1	-1	-1	-1	-1	-1	-1	-1	-1	-1	35	-1	-1	-1	-1	-1	-1	42	-1	-1	-1	-1	-1	49	-1	-1	-1	-1	-1	5	-1	-1	26	27	-1	-1	-1	-1	-1	-1	-1	-1	-1	-1	20	-1	-1	-1	19	-1	-1	-1	36	-1	-1	-1	-1
-1	-1	-1	-1	-1	-1	27	-1	6	-1	-1	-1	41	-1	-1	-1	-1	-1	-1	60	-1	63	-1	-1	-1	-1	-1	-1	-1	-1	-1	-1	36	-1	-1	-1	39	-1	-1	-1	-1	-1	-1	-1	-1	-1	-1	-1	-1	-1	-1	-1	-1	-1	-1	-1	-1	-1	-1	-1	-1	-1	-1	-1
-1	-1	-1	-1	-1	-1	-1	-1	-1	-1	-1	-1	-1	-1	-1	-1	-1	-1	8	-1	-1	-1	-1	-1	-1	-1	-1	-1	-1	-1	-1	-1	-1	-1	-1	-1	-1	-1	-1	-1	-1	-1	-1	-1	-1	-1	-1	-1	-1	-1	-1	-1	-1	-1	-1	-1	-1	27	60	-1	-1	-1	-1	-1
-1	-1	-1	-1	-1	-1	-1	-1	-1	-1	-1	-1	34	-1	-1	-1	-1	-1	-1	-1	-1	-1	-1	-1	-1	20	-1	-1	-1	-1	-1	-1	-1	-1	-1	-1	19	-1	-1	-1	-1	-1	-1	-1	-1	-1	-1	-1	-1	-1	-1	-1	30	46	-1	-1	-1	-1	-1	-1	-1	21	-1	-1
-1	-1	-1	-1	-1	-1	40	-1	-1	-1	-1	-1	-1	-1	-1	-1	-1	-1	-1	-1	-1	-1	-1	45	33	-1	-1	-1	-1	-1	12	-1	-1	-1	-1	-1	-1	3	50	-1	-1	-1	-1	-1	-1	57	-1	-1	-1	-1	-1	-1	-1	-1	5	-1	-1	-1	-1	17	-1	-1	-1	-1
-1	-1	-1	-1	56	-1	-1	-1	-1	-1	-1	-1	-1	-1	-1	-1	-1	-1	25	-1	-1	-1	30	-1	-1	-1	-1	-1	-1	-1	63	-1	-1	-1	-1	-1	-1	-1	-1	-1	-1	-1	-1	-1	-1	-1	59	-1	-1	-1	-1	58	-1	-1	-1	-1	27	-1	-1	-1	-1	-1	-1	-1
-1	-1	-1	-1	-1	21	-1	-1	-1	-1	-1	-1	29	-1	-1	-1	-1	-1	-1	-1	-1	-1	-1	-1	-1	-1	-1	-1	-1	-1	-1	-1	-1	-1	-1	-1	-1	-1	-1	42	-1	-1	-1	-1	-1	-1	-1	-1	-1	-1	-1	-1	-1	-1	-1	-1	-1	-1	-1	-1	-1	39	-1	-1
-1	-1	-1	-1	32	-1	63	-1	-1	-1	-1	-1	-1	-1	-1	-1	-1	-1	-1	-1	6	-1	-1	-1	-1	-1	-1	-1	-1	-1	-1	-1	-1	-1	-1	-1	-1	18	-1	-1	-1	-1	-1	-1	-1	-1	-1	-1	-1	-1	-1	-1	-1	-1	-1	-1	43	12	-1	-1	-1	-1	-1	-1
-1	-1	-1	-1	-1	-1	-1	-1	-1	-1	-1	-1	-1	-1	-1	-1	-1	-1	58	-1	12	-1	-1	-1	-1	-1	-1	-1	-1	-1	-1	-1	-1	-1	-1	-1	-1	-1	-1	-1	-1	-1	-1	-1	-1	-1	-1	-1	-1	-1	-1	-1	-1	-1	-1	-1	-1	-1	-1	-1	-1	-1	-1	-1
-1	35	6	-1	-1	-1	-1	-1	-1	-1	-1	-1	-1	-1	-1	-1	-1	-1	-1	-1	18	-1	-1	-1	41	-1	-1	-1	-1	-1	-1	-1	-1	-1	39	-1	-1	-1	-1	-1	-1	-1	-1	-1	-1	-1	-1	-1	-1	-1	-1	-1	-1	-1	-1	-1	5	-1	-1	-1	-1	-1	-1	-1
-1	-1	25	-1	-1	-1	-1	-1	-1	57	-1	-1	-1	16	-1	-1	-1	-1	-1	-1	-1	-1	-1	-1	-1	-1	-1	-1	-1	-1	-1	11	-1	-1	-1	28	-1	56	-1	-1	-1	-1	-1	19	-1	-1	27	-1	-1	-1	-1	-1	6	-1	-1	-1	-1	-1	-1	-1	-1	-1	-1	-1
-1	-1	-1	55	-1	-1	11	-1	51	-1	-1	-1	23	-1	-1	-1	-1	-1	53	-1	-1	-1	-1	29	-1	-1	-1	-1	-1	-1	-1	-1	-1	-1	-1	-1	-1	-1	-1	-1	-1	-1	-1	-1	-1	-1	-1	-1	-1	-1	-1	-1	-1	17	-1	20	-1	-1	-1	-1	52	-1	-1	-1
-1	-1	-1	-1	-1	-1	-1	-1	63	-1	-1	-1	-1	-1	-1	-1	-1	-1	-1	-1	-1	-1	-1	-1	-1	5	-1	-1	-1	-1	56	-1	59	-1	-1	-1	-1	-1	-1	-1	-1	-1	-1	-1	-1	8	-1	-1	-1	15	-1	-1	-1	-1	-1	42	-1	-1	-1	-1	47	-1	-1	-1
-1	-1	-1	-1	-1	-1	-1	-1	-1	-1	-1	-1	-1	-1	-1	-1	-1	-1	-1	-1	38	-1	-1	-1	-1	-1	-1	64	-1	-1	-1	-1	-1	-1	-1	62	-1	-1	-1	-1	-1	-1	-1	-1	-1	-1	-1	-1	-1	-1	-1	-1	-1	-1	-1	51	-1	-1	-1	-1	-1	-1	-1	-1
-1	-1	-1	-1	-1	-1	-1	-1	-1	-1	-1	-1	-1	-1	-1	-1	-1	-1	-1	-1	-1	-1	-1	-1	-1	-1	-1	-1	-1	-1	-1	-1	56	-1	-1	-1	-1	-1	-1	-1	-1	-1	-1	-1	4	-1	-1	-1	-1	-1	37	-1	-1	-1	-1	-1	-1	-1	-1	-1	-1	-1	-1	3
-1	-1	-1	-1	-1	-1	-1	-1	-1	-1	-1	-1	-1	-1	-1	-1	-1	-1	-1	-1	-1	-1	41	-1	-1	-1	-1	-1	-1	58	-1	-1	-1	-1	-1	-1	-1	-1	-1	-1	-1	-1	-1	-1	10	-1	-1	-1	-1	-1	-1	-1	-1	-1	-1	3	-1	-1	-1	-1	-1	-1	-1	-1
-1	-1	24	10	-1	-1	-1	-1	-1	-1	-1	-1	-1	6	36	-1	-1	-1	-1	-1	-1	-1	-1	37	-1	-1	55	-1	-1	-1	-1	-1	-1	-1	-1	-1	-1	-1	-1	-1	-1	-1	-1	56	-1	-1	-1	-1	-1	-1	-1	-1	-1	-1	-1	-1	-1	-1	-1	-1	-1	4	-1	-1
-1	-1	-1	-1	-1	-1	17	-1	-1	-1	-1	-1	-1	-1	-1	-1	15	-1	-1	-1	-1	-1	-1	-1	-1	-1	-1	39	-1	-1	-1	-1	-1	-1	-1	-1	-1	-1	-1	-1	-1	-1	-1	-1	-1	-1	-1	-1	-1	-1	-1	16	-1	-1	-1	10	-1	-1	-1	12	-1	-1	-1	-1
-1	-1	-1	-1	-1	-1	-1	-1	-1	-1	-1	-1	-1	-1	-1	-1	-1	53	-1	-1	-1	31	-1	59	-1	-1	-1	-1	-1	-1	-1	-1	-1	-1	-1	-1	-1	-1	20	-1	-1	-1	-1	-1	-1	-1	-1	-1	-1	-1	-1	-1	54	-1	-1	47	-1	-1	62	45	-1	-1	-1	63
57	-1	-1	36	-1	-1	-1	-1	-1	-1	-1	-1	-1	-1	-1	-1	-1	-1	-1	-1	-1	33	-1	61	-1	-1	-1	-1	-1	-1	-1	-1	-1	-1	-1	-1	-1	-1	-1	-1	-1	-1	-1	-1	31	-1	-1	-1	-1	-1	-1	-1	21	-1	-1	-1	-1	-1	-1	-1	-1	-1	-1	-1
-1	-1	-1	-1	-1	2	-1	-1	-1	-1	-1	-1	-1	-1	-1	49	-1	-1	4	-1	-1	-1	-1	-1	-1	-1	-1	-1	-1	-1	-1	-1	-1	-1	-1	-1	-1	-1	16	-1	-1	-1	-1	-1	-1	-1	-1	45	-1	-1	-1	22	-1	12	-1	-1	-1	-1	-1	-1	-1	-1	-1	-1
-1	-1	-1	-1	-1	-1	-1	-1	-1	-1	-1	-1	-1	-1	-1	-1	42	-1	-1	-1	-1	-1	-1	-1	-1	-1	-1	-1	-1	-1	-1	-1	-1	-1	-1	-1	-1	51	-1	-1	-1	-1	-1	-1	-1	-1	-1	-1	-1	-1	-1	54	-1	-1	-1	-1	-1	-1	-1	-1	-1	-1	-1	39
19	52	-1	-1	10	-1	-1	-1	-1	-1	-1	-1	-1	-1	-1	-1	31	-1	-1	58	-1	-1	1	8	-1	-1	-1	-1	-1	-1	-1	-1	-1	-1	-1	-1	-1	62	-1	7	-1	-1	-1	-1	-1	-1	-1	-1	-1	-1	-1	-1	-1	-1	49	-1	-1	-1	-1	-1	28	-1	-1	-1
-1	-1	-1	-1	-1	-1	-1	-1	-1	-1	-1	-1	-1	-1	-1	57	-1	28	-1	-1	-1	-1	-1	-1	-1	-1	-1	-1	-1	36	-1	-1	-1	8	-1	-1	-1	-1	-1	13	12	-1	-1	-1	-1	-1	-1	-1	-1	-1	-1	-1	-1	-1	-1	-1	-1	-1	-1	-1	7	-1	-1	-1
-1	-1	-1	-1	-1	-1	-1	8	-1	-1	-1	-1	-1	-1	-1	-1	-1	-1	-1	-1	-1	-1	-1	57	-1	-1	-1	-1	-1	-1	-1	-1	-1	-1	-1	-1	-1	-1	-1	-1	49	-1	-1	-1	-1	-1	-1	-1	13	-1	-1	-1	-1	-1	-1	33	-1	-1	-1	-1	22	-1	-1	-1
-1	-1	-1	-1	-1	-1	-1	-1	52	-1	-1	-1	42	-1	-1	-1	-1	-1	-1	-1	-1	-1	35	-1	-1	-1	-1	27	-1	-1	-1	56	-1	-1	-1	-1	-1	48	-1	-1	-1	-1	-1	-1	-1	-1	-1	-1	-1	-1	-1	-1	-1	-1	43	-1	-1	-1	-1	-1	-1	-1	-1	-1
-1	-1	-1	-1	27	-1	-1	55	13	-1	-1	-1	-1	-1	-1	-1	-1	-1	-1	-1	16	-1	-1	-1	-1	-1	-1	-1	-1	-1	-1	23	-1	9	-1	-1	-1	6	-1	-1	-1	-1	-1	-1	-1	-1	-1	-1	-1	29	-1	-1	-1	-1	-1	-1	-1	-1	3	-1	-1	-1	-1	-1
-1	-1	-1	22	-1	-1	-1	-1	-1	-1	-1	-1	-1	-1	-1	-1	-1	-1	-1	38	-1	29	-1	-1	-1	-1	-1	-1	8	-1	-1	-1	-1	-1	-1	-1	-1	-1	-1	-1	-1	-1	-1	-1	-1	-1	-1	-1	-1	-1	14	-1	-1	-1	-1	-1	-1	-1	-1	-1	-1	-1	-1	-1
