8
1
40	-1	-1	55	-1	-1	17	-1	-1	-1	62	4	-1	1	-1	12	16	-1	10	13	29	24	-1	48	3	-1	-1	-1	36	35	-1	-1	-1	26	-1	-1	-1	-1	-1	-1	-1	-1	46	-1	-1	64	-1	56	-1	-1	37	27	-1	23	-1	-1	-1	6	59	-1	-1	63	-1	-1
-1	-1	-1	-1	3	-1	8	45	-1	25	-1	40	19	-1	7	-1	26	22	-1	-1	32	28	-1	38	24	12	2	-1	-1	-1	-1	64	-1	42	13	51	-1	-1	-1	-1	-1	-1	35	-1	-1	49	34	63	36	-1	43	58	-1	60	11	14	41	-1	-1	-1	-1	17	-1	-1
-1	13	-1	52	33	-1	20	-1	5	-1	49	-1	-1	39	-1	-1	25	35	-1	-1	4	37	-1	57	6	-1	-1	-1	9	18	28	30	3	-1	8	-1	-1	54	-1	19	-1	24	-1	44	-1	11	43	36	-1	-1	17	53	59	-1	15	-1	2	22	45	-1	-1	62	7	23
57	-1	-1	19	-1	24	59	-1	21	35	41	-1	37	15	-1	-1	-1	-1	-1	5	8	54	-1	45	-1	7	-1	-1	-1	53	44	40	17	-1	22	46	-1	2	23	-1	52	60	12	27	1	-1	-1	33	-1	-1	-1	-1	-1	-1	20	-1	48	29	55	43	-1	-1	49	-1
37	51	-1	-1	53	12	-1	16	28	-1	-1	-1	63	44	6	-1	-1	-1	11	55	-1	58	18	-1	-1	47	-1	-1	17	22	-1	33	-1	27	-1	-1	45	-1	52	-1	-1	23	-1	-1	-1	-1	38	21	-1	2	-1	-1	10	8	-1	7	-1	-1	-1	36	5	14	-1	-1
28	56	5	1	-1	-1	9	-1	-1	22	-1	36	43	58	31	60	17	-1	49	2	52	-1	62	15	51	14	-1	26	-1	13	-1	-1	-1	-1	-1	57	-1	-1	-1	10	3	-1	-1	-1	8	6	55	-1	-1	-1	-1	-1	-1	-1	46	-1	33	47	-1	-1	-1	-1	39	-1
-1	-1	-1	63	-1	-1	-1	49	-1	52	2	-1	-1	42	55	34	39	-1	-1	31	-1	12	-1	23	-1	-1	4	-1	-1	46	29	8	-1	16	-1	-1	43	-1	-1	-1	37	-1	-1	-1	14	-1	17	-1	57	41	-1	30	-1	-1	-1	1	-1	-1	-1	-1	-1	28	56	27
62	-1	-1	48	43	-1	-1	2	30	-1	17	64	-1	54	14	-1	20	-1	36	27	46	-1	59	51	41	-1	-1	57	-1	-1	-1	-1	-1	-1	37	49	-1	-1	-1	63	7	-1	50	-1	5	28	53	22	-1	6	35	29	-1	-1	-1	-1	8	1	24	-1	34	-1	19	26
5	12	-1	-1	56	-1	50	24	-1	-1	60	49	11	16	36	28	-1	-1	-1	-1	-1	-1	15	13	35	9	-1	53	63	-1	-1	22	-1	-1	-1	62	33	-1	37	-1	44	-1	-1	52	-1	-1	59	17	-1	-1	-1	-1	21	41	57	-1	-1	-1	34	-1	18	-1	64	2
-1	8	57	47	6	-1	43	-1	-1	20	48	14	-1	45	58	-1	-1	56	46	44	-1	59	11	50	52	38	-1	-1	-1	-1	-1	2	54	-1	31	21	41	29	34	-1	-1	63	-1	4	33	-1	64	10	-1	39	-1	-1	-1	-1	42	40	-1	26	-1	-1	9	15	60	-1
22	17	19	-1	-1	15	-1	-1	-1	53	-1	-1	-1	50	33	-1	-1	52	-1	61	64	38	-1	-1	-1	26	37	-1	-1	24	25	-1	-1	-1	36	-1	63	-1	-1	-1	40	-1	62	-1	-1	48	-1	-1	4	5	-1	59	-1	13	47	-1	28	-1	-1	-1	-1	-1	-1	-1
23	42	-1	-1	32	-1	27	-1	-1	-1	56	13	-1	63	21	-1	-1	-1	-1	62	-1	-1	-1	35	28	41	-1	44	-1	-1	-1	59	49	-1	57	-1	-1	50	22	-1	-1	-1	34	-1	-1	-1	-1	-1	-1	19	-1	10	-1	55	-1	-1	-1	36	3	47	-1	-1	29	-1
10	-1	-1	54	-1	46	-1	29	-1	64	-1	-1	-1	-1	-1	30	-1	57	19	-1	63	32	-1	34	-1	18	-1	49	3	58	-1	50	35	4	-1	15	-1	-1	51	9	12	-1	36	-1	-1	-1	-1	-1	2	-1	25	20	-1	56	33	-1	43	37	-1	48	11	5	-1	59
-1	-1	-1	-1	2	-1	44	-1	-1	61	10	34	-1	29	-1	35	12	-1	22	28	-1	7	-1	-1	30	62	-1	51	1	31	-1	-1	27	-1	59	-1	-1	38	-1	48	-1	47	-1	50	-1	37	8	41	-1	-1	23	-1	-1	-1	-1	-1	-1	56	16	-1	45	-1	4	-1
16	62	-1	33	4	28	-1	30	37	1	5	-1	-1	-1	-1	19	-1	-1	43	17	41	-1	-1	8	-1	-1	29	-1	-1	-1	45	-1	-1	20	12	-1	-1	47	-1	32	-1	-1	53	-1	61	13	-1	-1	26	24	-1	-1	-1	-1	-1	36	7	-1	52	54	23	-1	-1	-1
34	59	-1	-1	18	55	63	13	-1	12	3	25	-1	-1	24	-1	-1	-1	26	45	37	4	10	47	-1	43	15	36	57	-1	-1	27	58	52	64	-1	17	-1	-1	60	-1	56	54	28	16	30	-1	-1	7	51	9	-1	-1	-1	-1	-1	-1	-1	-1	-1	-1	31	-1	-1
43	-1	-1	41	-1	-1	-1	-1	13	-1	39	-1	-1	-1	-1	54	-1	11	-1	57	-1	-1	14	7	60	17	-1	45	-1	23	-1	29	34	10	-1	19	42	-1	16	-1	-1	-1	48	-1	-1	46	-1	-1	-1	64	4	12	-1	-1	18	20	47	-1	2	-1	32	-1	-1	25
29	52	-1	50	-1	23	19	20	-1	-1	32	-1	-1	-1	-1	-1	40	-1	-1	-1	54	-1	38	39	12	-1	16	37	26	-1	46	24	61	35	-1	22	-1	-1	-1	27	64	6	11	43	-1	33	45	-1	1	-1	-1	-1	63	44	8	-1	57	-1	-1	17	10	56	21	41
-1	-1	12	11	-1	26	-1	53	36	47	-1	41	-1	-1	20	46	-1	-1	16	18	43	55	-1	32	-1	22	-1	40	-1	61	-1	-1	2	5	-1	60	-1	13	-1	-1	-1	-1	-1	3	63	-1	-1	59	-1	-1	19	-1	-1	33	-1	-1	-1	64	62	-1	35	-1	-1	-1
45	-1	63	-1	25	-1	-1	51	-1	-1	-1	-1	-1	-1	-1	-1	19	42	27	-1	-1	26	-1	44	-1	-1	-1	-1	-1	41	53	-1	-1	43	-1	-1	-1	-1	-1	7	49	-1	-1	55	-1	32	13	60	-1	46	30	6	-1	15	-1	-1	37	-1	-1	-1	16	24	-1	1
39	44	33	61	27	57	10	64	-1	-1	-1	18	3	-1	-1	-1	35	-1	-1	-1	5	-1	-1	-1	-1	-1	-1	-1	-1	-1	47	-1	-1	-1	-1	29	21	-1	32	-1	-1	30	52	-1	25	-1	7	-1	-1	11	50	13	9	-1	-1	24	-1	-1	-1	-1	-1	12	-1	-1
47	40	22	-1	-1	-1	46	32	11	-1	-1	21	-1	30	10	16	34	37	13	-1	20	64	-1	3	-1	-1	35	63	-1	-1	-1	-1	52	51	6	-1	24	-1	15	31	-1	8	61	-1	-1	14	28	53	38	-1	57	-1	-1	2	48	41	55	45	-1	9	29	-1	-1	43
-1	2	28	-1	55	30	38	-1	-1	62	-1	-1	-1	-1	56	-1	-1	-1	-1	-1	-1	-1	-1	21	48	-1	-1	3	13	-1	14	32	-1	-1	20	-1	64	-1	59	-1	27	-1	4	-1	-1	16	39	-1	-1	-1	-1	43	35	36	-1	31	-1	51	-1	-1	-1	46	40	11
-1	-1	24	14	-1	34	21	-1	63	-1	53	12	-1	48	43	38	58	60	-1	-1	-1	47	-1	29	64	-1	11	56	-1	-1	-1	-1	18	-1	-1	-1	-1	45	46	-1	57	35	-1	-1	-1	17	22	1	10	32	-1	5	-1	25	39	-1	-1	-1	-1	19	20	3	52	-1
-1	-1	-1	-1	-1	25	-1	-1	-1	15	4	-1	29	41	-1	-1	46	53	-1	23	-1	-1	56	-1	-1	-1	-1	47	-1	38	-1	62	32	-1	-1	-1	-1	-1	-1	-1	-1	1	22	19	-1	-1	-1	8	11	-1	-1	-1	52	35	6	-1	-1	61	9	50	51	-1	-1	-1
-1	-1	-1	59	11	-1	-1	-1	-1	43	-1	32	-1	57	45	-1	6	-1	-1	41	58	-1	27	37	33	-1	22	-1	-1	-1	-1	34	-1	-1	-1	-1	-1	-1	2	49	-1	46	-1	39	9	4	-1	-1	-1	-1	3	31	-1	-1	-1	-1	-1	-1	-1	30	63	-1	28	-1
-1	47	2	-1	-1	43	60	-1	-1	6	30	27	64	-1	-1	-1	-1	15	12	1	-1	-1	51	-1	46	54	-1	17	-1	55	41	-1	-1	-1	-1	-1	-1	57	3	20	-1	-1	58	-1	-1	59	36	44	53	-1	-1	48	4	32	-1	10	56	38	21	-1	-1	26	37	-1
-1	38	-1	-1	64	3	-1	-1	-1	36	19	-1	28	-1	9	20	44	25	55	-1	-1	35	43	33	7	32	24	-1	61	63	-1	-1	-1	-1	-1	37	-1	31	-1	-1	34	11	-1	23	15	-1	-1	-1	-1	57	40	-1	-1	12	30	-1	-1	-1	-1	-1	41	-1	-1	13
-1	34	62	9	-1	27	4	-1	7	-1	26	54	16	-1	-1	-1	8	20	-1	64	-1	22	32	60	45	23	40	-1	-1	-1	51	-1	-1	12	-1	-1	44	41	-1	-1	38	55	-1	-1	35	-1	-1	-1	14	1	-1	47	-1	-1	-1	-1	19	53	6	31	-1	43	-1	-1
33	18	-1	-1	-1	-1	13	56	31	60	-1	55	-1	-1	62	-1	47	38	28	-1	39	-1	40	16	-1	42	-1	-1	-1	-1	3	-1	-1	-1	-1	4	-1	-1	35	-1	21	52	43	-1	-1	-1	30	-1	-1	-1	-1	8	-1	-1	-1	-1	58	46	48	-1	-1	32	-1	20
32	-1	16	22	17	20	6	41	35	-1	61	-1	50	40	-1	1	-1	-1	7	-1	48	52	24	19	58	-1	-1	-1	14	28	11	-1	-1	-1	-1	-1	-1	55	62	23	-1	64	-1	-1	-1	-1	5	-1	-1	-1	60	-1	-1	21	-1	-1	-1	-1	57	8	-1	36	-1	-1
-1	-1	-1	-1	45	-1	-1	-1	34	-1	47	11	-1	-1	25	63	-1	-1	61	26	-1	-1	-1	62	43	19	-1	-1	-1	-1	48	-1	-1	21	27	28	53	46	60	-1	-1	7	-1	56	3	-1	32	42	-1	-1	-1	22	33	-1	-1	-1	-1	40	-1	35	-1	16	18	14
20	-1	49	3	-1	-1	-1	-1	61	-1	-1	33	22	18	1	-1	15	62	-1	-1	-1	-1	-1	-1	-1	-1	-1	-1	41	-1	57	60	-1	31	42	35	27	16	-1	50	32	54	38	-1	10	36	26	-1	-1	40	-1	-1	17	14	53	59	9	-1	12	-1	-1	11	-1	4
48	31	46	64	52	18	-1	15	-1	39	-1	17	56	-1	41	6	7	36	24	10	-1	-1	50	-1	5	55	-1	33	-1	-1	20	-1	53	-1	30	47	26	-1	19	58	-1	4	1	42	45	22	3	-1	-1	21	-1	-1	54	29	16	-1	-1	-1	63	-1	-1	51	-1	-1
-1	63	53	-1	-1	11	-1	-1	24	14	-1	-1	12	20	60	48	57	-1	-1	58	-1	49	33	-1	-1	-1	26	-1	28	43	-1	42	51	-1	29	-1	-1	-1	44	52	50	-1	21	-1	-1	-1	15	-1	62	-1	-1	-1	-1	-1	9	-1	-1	-1	47	46	-1	30	-1	8
-1	22	-1	-1	-1	-1	54	4	15	-1	45	-1	-1	-1	26	62	-1	-1	37	-1	-1	56	-1	25	-1	-1	58	-1	40	27	-1	44	-1	34	9	-1	3	-1	17	-1	-1	-1	14	51	-1	53	6	-1	55	20	-1	1	-1	49	10	61	64	32	-1	-1	-1	48	38	31
17	43	-1	-1	42	1	41	-1	19	34	59	-1	46	-1	57	3	-1	64	35	-1	-1	14	-1	40	-1	61	-1	-1	22	54	15	13	38	6	-1	-1	8	-1	4	18	-1	-1	30	25	23	-1	11	-1	-1	-1	-1	51	-1	-1	44	5	39	16	10	26	60	7	45	56
13	-1	44	-1	37	-1	-1	59	-1	-1	21	51	-1	11	64	47	43	61	-1	30	3	-1	46	1	-1	-1	17	-1	50	48	6	56	36	33	32	-1	-1	-1	12	41	8	27	2	9	49	5	57	39	-1	38	-1	-1	45	18	58	-1	42	-1	35	-1	-1	-1	15	53
35	-1	-1	51	26	56	-1	-1	38	29	-1	44	-1	25	-1	8	-1	4	-1	54	21	-1	20	42	-1	11	31	24	53	45	18	10	55	59	23	48	-1	-1	-1	39	-1	33	16	46	-1	-1	19	13	15	30	12	-1	37	7	2	-1	-1	-1	43	3	-1	57	41	36
-1	-1	-1	10	29	7	-1	50	-1	-1	-1	-1	-1	-1	-1	5	18	-1	23	48	-1	41	-1	-1	-1	-1	-1	46	47	-1	8	19	40	-1	2	-1	-1	1	45	57	-1	-1	64	-1	37	58	56	-1	-1	42	33	-1	-1	-1	34	25	-1	20	17	-1	-1	-1	-1	-1
24	-1	6	17	46	60	-1	3	-1	-1	38	-1	-1	27	44	7	29	19	5	-1	1	16	21	-1	-1	-1	36	32	-1	-1	-1	11	23	-1	-1	10	2	-1	56	-1	35	49	-1	14	-1	45	-1	-1	13	31	-1	-1	41	57	-1	58	-1	-1	-1	-1	25	9	-1	40
-1	21	64	-1	63	41	52	40	-1	18	-1	35	49	34	16	-1	2	-1	-1	46	-1	53	-1	-1	-1	20	50	22	62	-1	23	-1	-1	55	-1	61	47	48	-1	45	-1	-1	-1	-1	-1	-1	-1	29	44	4	-1	-1	6	-1	-1	8	13	-1	19	11	-1	-1	-1	30
-1	33	-1	8	47	-1	11	-1	53	-1	54	-1	31	3	52	-1	-1	34	25	-1	38	-1	-1	20	44	-1	-1	58	48	16	35	-1	-1	-1	1	24	-1	-1	6	-1	-1	59	17	60	36	15	-1	-1	-1	-1	14	56	30	27	-1	43	-1	57	46	-1	22	-1	-1	-1
9	53	31	44	48	4	23	57	-1	-1	-1	-1	32	60	-1	43	24	51	42	33	35	30	36	14	17	-1	27	15	56	6	26	52	-1	-1	49	39	-1	12	8	16	-1	-1	55	-1	46	-1	-1	18	47	-1	21	50	-1	28	29	-1	62	58	7	-1	38	1	3	63
58	-1	35	38	5	49	-1	26	-1	57	-1	-1	6	-1	-1	-1	56	-1	-1	-1	13	-1	41	11	63	46	-1	10	37	3	19	12	25	-1	-1	42	31	18	-1	-1	-1	-1	8	-1	43	-1	-1	64	-1	9	62	-1	32	22	-1	2	-1	33	-1	-1	24	44	-1	-1
-1	-1	29	30	59	-1	1	-1	-1	28	-1	39	26	-1	8	50	-1	63	-1	-1	10	-1	-1	22	-1	40	53	-1	2	60	34	-1	-1	-1	11	-1	-1	-1	-1	-1	-1	-1	-1	61	-1	38	-1	-1	24	15	18	33	20	46	51	16	-1	-1	14	-1	31	54	-1	-1
-1	20	56	62	28	-1	-1	-1	64	-1	46	47	-1	12	-1	51	49	48	40	15	-1	43	-1	58	55	57	1	13	-1	-1	-1	38	-1	-1	-1	32	-1	63	-1	35	-1	25	-1	16	31	19	27	-1	-1	36	-1	60	-1	53	-1	-1	6	23	41	18	-1	-1	-1	-1
36	54	13	-1	34	16	37	-1	-1	-1	14	23	-1	61	-1	58	-1	31	45	-1	-1	-1	-1	-1	-1	8	5	-1	29	-1	-1	41	60	62	46	3	50	-1	57	-1	10	40	-1	6	-1	-1	-1	47	-1	-1	-1	25	48	-1	-1	-1	-1	55	-1	52	-1	-1	-1	-1
53	-1	-1	-1	-1	33	62	-1	-1	45	-1	-1	20	-1	12	-1	-1	47	-1	-1	16	-1	-1	55	13	-1	8	4	-1	-1	-1	-1	30	39	-1	-1	46	-1	-1	-1	-1	-1	28	-1	-1	44	-1	-1	-1	14	29	-1	-1	-1	38	-1	60	9	-1	-1	-1	37	-1	-1
-1	11	10	25	-1	-1	-1	-1	-1	-1	-1	-1	-1	-1	38	-1	60	-1	58	20	49	57	-1	41	-1	-1	33	12	-1	-1	42	-1	16	-1	-1	-1	-1	-1	-1	22	-1	19	59	62	13	-1	50	-1	32	-1	2	-1	-1	-1	-1	4	-1	-1	-1	-1	30	-1	-1	-1
-1	30	4	43	60	21	57	-1	51	63	-1	-1	-1	-1	59	40	54	-1	-1	3	-1	25	12	10	-1	-1	46	35	-1	36	-1	-1	8	9	-1	-1	-1	28	-1	15	61	17	-1	-1	-1	-1	-1	-1	6	-1	55	-1	-1	20	23	-1	32	39	13	64	58	34	-1	-1
1	32	-1	37	22	59	5	-1	9	30	-1	-1	-1	-1	-1	-1	-1	13	51	38	-1	-1	-1	36	11	27	7	-1	-1	29	16	-1	42	-1	62	-1	-1	17	26	-1	4	-1	-1	8	-1	-1	-1	34	-1	-1	-1	-1	-1	39	-1	-1	54	-1	-1	-1	43	45	6	10
52	-1	20	-1	-1	14	29	7	-1	-1	15	48	44	24	-1	4	64	-1	-1	-1	62	-1	1	-1	10	-1	43	-1	34	-1	32	25	-1	-1	47	-1	35	-1	50	-1	45	-1	-1	-1	-1	27	9	-1	-1	63	22	16	-1	-1	-1	-1	53	2	-1	38	-1	41	26	-1
-1	-1	55	35	51	9	-1	48	-1	-1	-1	19	-1	47	-1	41	-1	-1	-1	43	34	15	7	-1	-1	-1	-1	38	5	2	62	21	-1	-1	60	45	-1	-1	-1	-1	-1	36	42	22	57	10	24	-1	-1	54	1	11	-1	-1	25	33	-1	-1	-1	40	-1	61	23	16
56	-1	-1	-1	38	-1	2	17	57	-1	-1	-1	34	31	-1	-1	-1	32	59	-1	-1	46	-1	-1	-1	39	-1	-1	45	-1	49	-1	43	48	18	-1	20	-1	25	-1	-1	37	15	64	-1	-1	-1	16	-1	-1	36	-1	-1	52	-1	21	-1	11	-1	-1	7	-1	1	-1
26	16	42	-1	-1	54	-1	46	-1	-1	35	7	36	62	-1	10	4	8	-1	11	14	-1	44	-1	-1	-1	41	20	23	-1	64	17	-1	-1	38	-1	1	-1	-1	-1	30	31	-1	-1	-1	-1	-1	3	-1	13	-1	9	-1	50	-1	37	-1	-1	-1	24	48	22	-1	19
8	26	43	56	-1	6	15	-1	-1	-1	28	37	47	-1	-1	-1	45	10	62	35	-1	-1	-1	59	22	13	57	-1	-1	30	-1	61	-1	-1	14	55	23	34	36	-1	-1	50	-1	-1	-1	-1	46	-1	-1	33	-1	18	-1	-1	63	44	21	-1	29	-1	-1	-1	-1	-1
-1	-1	-1	31	41	63	42	-1	-1	-1	-1	-1	38	-1	-1	-1	-1	-1	8	-1	-1	40	-1	-1	2	-1	-1	-1	7	-1	9	-1	57	-1	-1	6	58	22	-1	-1	33	53	-1	-1	-1	47	52	54	-1	-1	-1	-1	26	-1	19	-1	-1	59	-1	-1	14	4	-1	-1
-1	1	37	-1	57	-1	53	-1	16	-1	-1	-1	35	-1	-1	52	5	58	64	-1	-1	42	30	56	-1	29	-1	-1	-1	11	63	-1	-1	-1	26	44	-1	27	43	12	-1	-1	20	-1	59	34	-1	-1	41	-1	31	-1	50	54	40	15	3	17	-1	13	62	-1	-1	-1
4	-1	-1	36	62	-1	-1	34	40	-1	64	-1	-1	-1	-1	-1	-1	33	-1	39	-1	2	-1	-1	-1	-1	-1	-1	46	-1	10	-1	-1	25	63	-1	-1	-1	-1	47	42	5	27	29	7	8	1	55	-1	52	-1	-1	-1	38	-1	-1	26	-1	-1	61	49	23	20	-1
-1	-1	54	-1	35	32	-1	25	-1	-1	20	6	57	14	48	-1	55	-1	15	-1	12	-1	19	52	-1	-1	-1	-1	27	-1	38	-1	10	-1	40	-1	4	8	-1	-1	-1	43	-1	17	51	3	44	-1	5	22	47	45	13	-1	56	-1	-1	-1	11	-1	-1	18	58	34
-1	-1	38	-1	20	48	-1	52	-1	54	34	-1	-1	-1	63	13	37	-1	-1	49	-1	-1	26	-1	8	-1	-1	-1	33	-1	-1	3	62	-1	35	-1	-1	53	1	61	-1	14	-1	-1	30	-1	-1	15	25	7	27	2	-1	-1	4	55	-1	41	56	-1	47	19	-1	39
-1	14	47	29	-1	-1	30	55	49	26	1	-1	21	-1	19	61	-1	-1	-1	-1	50	51	34	-1	-1	-1	-1	-1	44	32	-1	-1	-1	-1	-1	54	-1	-1	13	-1	63	2	-1	11	6	39	12	-1	-1	58	-1	36	-1	17	62	9	16	48	22	27	-1	10	35	-1
-1	49	-1	27	50	-1	33	-1	3	-1	11	31	62	-1	-1	-1	-1	-1	63	-1	36	20	13	-1	4	35	54	34	18	-1	-1	47	-1	-1	-1	-1	48	-1	41	-1	26	22	45	-1	56	57	-1	-1	12	-1	53	-1	23	-1	32	-1	40	5	64	1	8	25	24	55
