6
1
-1	29	-1	-1	-1	-1	-1	30	27	-1	-1	-1	-1	-1	-1	-1	10	-1	-1	-1	-1	-1	4	31	-1	-1	-1	-1	-1	-1	-1	-1	-1	26	-1	-1
-1	-1	-1	-1	-1	-1	16	10	-1	-1	-1	-1	-1	-1	-1	-1	-1	-1	-1	-1	-1	-1	-1	-1	-1	-1	-1	-1	-1	-1	-1	-1	-1	-1	-1	7
-1	9	21	-1	-1	-1	-1	-1	-1	-1	-1	-1	-1	-1	-1	13	-1	-1	-1	-1	-1	-1	-1	-1	-1	-1	-1	29	-1	31	-1	-1	-1	-1	-1	-1
-1	-1	-1	10	-1	19	-1	-1	20	12	-1	-1	-1	-1	-1	-1	-1	32	-1	-1	-1	-1	-1	-1	36	-1	-1	28	-1	13	-1	-1	-1	-1	-1	-1
-1	-1	16	-1	-1	1	-1	8	-1	-1	19	28	14	-1	-1	11	-1	-1	-1	-1	-1	-1	-1	-1	-1	-1	-1	-1	-1	-1	-1	35	-1	-1	25	-1
-1	-1	-1	-1	-1	-1	-1	-1	-1	-1	29	21	-1	-1	-1	-1	3	-1	2	35	-1	-1	14	-1	-1	-1	-1	-1	23	-1	-1	-1	-1	-1	-1	8
-1	-1	34	-1	-1	-1	19	-1	-1	31	-1	18	-1	-1	24	-1	-1	17	-1	-1	-1	-1	25	-1	-1	16	29	-1	-1	-1	-1	-1	-1	-1	3	-1
-1	-1	-1	-1	-1	-1	-1	20	-1	1	-1	-1	-1	-1	-1	-1	-1	-1	-1	11	-1	-1	-1	-1	-1	-1	17	-1	31	-1	-1	15	-1	-1	-1	-1
15	-1	24	-1	-1	29	-1	4	-1	-1	-1	-1	-1	3	-1	-1	30	-1	27	8	-1	-1	-1	-1	-1	-1	-1	34	-1	-1	-1	-1	-1	-1	-1	25
-1	-1	-1	-1	-1	22	-1	-1	24	-1	-1	-1	-1	-1	28	-1	-1	-1	19	15	-1	-1	-1	26	-1	-1	-1	25	-1	-1	-1	27	-1	-1	33	-1
25	16	-1	-1	-1	-1	29	-1	-1	-1	28	-1	33	-1	-1	-1	-1	12	-1	-1	-1	-1	10	-1	-1	-1	7	-1	8	-1	-1	-1	-1	-1	-1	-1
-1	-1	-1	-1	-1	-1	7	-1	-1	-1	-1	-1	-1	-1	-1	-1	27	-1	-1	-1	-1	33	-1	-1	-1	20	-1	1	-1	-1	-1	-1	10	-1	9	-1
32	-1	-1	-1	-1	-1	-1	25	18	4	15	-1	27	-1	-1	-1	1	-1	12	-1	-1	-1	-1	33	-1	-1	-1	35	-1	-1	-1	-1	-1	-1	-1	-1
16	-1	-1	-1	-1	21	26	-1	-1	-1	-1	-1	-1	-1	-1	-1	-1	-1	-1	-1	-1	-1	-1	-1	-1	-1	-1	-1	-1	-1	-1	-1	-1	-1	-1	-1
-1	-1	35	-1	-1	-1	-1	-1	-1	-1	22	-1	-1	7	-1	-1	4	-1	-1	-1	-1	-1	-1	-1	-1	-1	-1	31	24	-1	-1	-1	33	36	-1	-1
-1	-1	-1	-1	-1	-1	-1	-1	7	-1	-1	-1	10	-1	26	-1	-1	-1	17	-1	-1	23	-1	-1	2	-1	-1	36	-1	-1	9	-1	-1	-1	-1	15
-1	-1	-1	-1	-1	-1	10	-1	-1	32	-1	-1	-1	-1	-1	12	-1	33	-1	-1	-1	-1	-1	15	-1	-1	-1	18	-1	-1	34	-1	-1	-1	26	-1
-1	-1	2	-1	-1	-1	34	-1	-1	-1	-1	-1	-1	-1	-1	-1	-1	-1	-1	26	-1	32	-1	-1	-1	-1	-1	-1	-1	-1	-1	-1	-1	-1	-1	-1
10	-1	-1	36	18	-1	-1	21	-1	27	-1	-1	-1	-1	-1	-1	-1	-1	-1	-1	-1	-1	-1	-1	3	-1	-1	-1	15	-1	-1	29	-1	-1	-1	-1
-1	-1	-1	-1	-1	-1	-1	-1	-1	-1	-1	31	-1	-1	-1	-1	-1	-1	-1	-1	-1	-1	-1	-1	25	-1	-1	-1	-1	27	-1	16	-1	-1	-1	-1
-1	-1	-1	-1	-1	16	-1	-1	3	-1	-1	-1	13	-1	-1	-1	-1	-1	28	-1	-1	-1	-1	-1	-1	-1	-1	-1	-1	-1	-1	21	-1	-1	15	-1
-1	-1	29	-1	5	25	-1	22	-1	-1	-1	-1	-1	-1	-1	3	24	27	-1	-1	6	-1	-1	13	8	-1	-1	-1	33	14	-1	-1	-1	-1	-1	-1
-1	-1	-1	-1	-1	-1	-1	7	10	-1	-1	29	-1	-1	31	-1	-1	-1	-1	-1	23	-1	-1	-1	-1	9	24	-1	-1	-1	-1	-1	-1	-1	-1	-1
-1	-1	-1	-1	-1	-1	-1	-1	-1	-1	-1	-1	-1	-1	-1	-1	-1	-1	-1	-1	-1	9	-1	-1	-1	10	-1	13	-1	-1	-1	-1	-1	-1	-1	-1
-1	-1	-1	-1	-1	-1	-1	-1	17	14	-1	-1	-1	-1	-1	15	-1	-1	-1	-1	-1	-1	-1	-1	-1	-1	31	-1	-1	-1	-1	-1	21	7	24	-1
-1	32	30	-1	-1	-1	3	-1	31	-1	5	-1	-1	-1	-1	2	-1	-1	11	-1	-1	-1	-1	-1	13	-1	-1	-1	35	-1	-1	-1	36	-1	-1	-1
-1	-1	25	-1	21	34	-1	-1	9	-1	-1	-1	32	-1	-1	-1	-1	-1	-1	7	33	-1	-1	-1	-1	36	-1	-1	-1	-1	-1	13	-1	-1	-1	-1
-1	-1	-1	-1	7	-1	13	-1	-1	-1	-1	-1	-1	-1	-1	-1	14	-1	-1	-1	-1	12	-1	-1	22	-1	-1	-1	-1	-1	-1	-1	-1	-1	-1	2
-1	-1	-1	-1	-1	-1	30	-1	-1	-1	-1	-1	-1	13	-1	-1	-1	-1	-1	-1	-1	-1	3	-1	10	-1	-1	-1	-1	-1	-1	-1	-1	-1	8	-1
-1	-1	-1	-1	-1	-1	1	-1	-1	36	10	-1	-1	-1	33	24	-1	-1	-1	-1	-1	-1	-1	-1	-1	-1	-1	-1	-1	-1	-1	-1	-1	-1	-1	-1
-1	-1	-1	-1	-1	-1	22	-1	16	-1	-1	-1	-1	36	-1	-1	-1	-1	-1	-1	-1	18	-1	-1	19	-1	10	-1	-1	-1	-1	-1	-1	-1	-1	-1
-1	-1	-1	-1	4	-1	-1	-1	-1	-1	-1	-1	-1	-1	7	-1	-1	34	-1	-1	-1	36	26	-1	35	-1	-1	-1	-1	-1	-1	19	-1	-1	-1	-1
-1	-1	-1	-1	19	30	-1	-1	32	-1	20	-1	-1	-1	17	-1	28	-1	-1	-1	-1	2	-1	25	-1	22	8	-1	-1	-1	-1	-1	-1	-1	-1	-1
-1	-1	-1	-1	-1	-1	25	-1	-1	29	-1	19	-1	-1	-1	6	13	-1	30	-1	-1	-1	-1	-1	-1	-1	-1	20	-1	-1	-1	-1	-1	-1	-1	-1
-1	-1	-1	-1	-1	-1	-1	-1	-1	-1	6	-1	-1	-1	-1	-1	-1	-1	-1	-1	-1	-1	-1	-1	-1	23	-1	-1	17	-1	36	-1	-1	-1	-1	-1
-1	36	5	-1	-1	-1	28	33	-1	-1	-1	12	21	-1	-1	-1	-1	-1	-1	9	-1	-1	-1	-1	-1	-1	-1	-1	6	24	-1	-1	-1	-1	2	-1
