6
1
-1	34	28	-1	5	1	-1	16	7	29	-1	4	13	8	9	33	-1	35	14	-1	22	-1	-1	-1	10	-1	12	32	17	-1	30	6	25	-1	20	21
-1	-1	2	-1	-1	-1	-1	-1	23	11	19	21	17	26	-1	14	-1	-1	35	-1	28	5	-1	-1	-1	-1	36	20	15	-1	32	9	-1	13	1	-1
-1	25	30	-1	-1	23	35	34	-1	-1	5	12	18	28	-1	6	-1	22	-1	19	-1	-1	20	33	9	27	-1	26	1	24	7	3	17	-1	14	-1
-1	-1	-1	-1	11	33	-1	9	-1	-1	36	13	-1	20	15	10	-1	32	34	7	17	-1	-1	18	3	6	-1	-1	-1	-1	12	5	19	-1	2	8
7	17	-1	4	13	9	30	-1	18	20	32	31	-1	5	36	24	3	19	27	10	6	-1	29	-1	8	-1	-1	14	-1	22	15	-1	-1	-1	28	34
-1	-1	6	-1	27	35	-1	-1	-1	-1	3	-1	-1	34	-1	-1	-1	2	9	-1	16	8	12	-1	5	13	31	-1	33	18	4	10	22	36	23	24
32	33	-1	-1	-1	27	-1	-1	-1	3	-1	-1	-1	-1	-1	-1	13	-1	-1	14	-1	-1	-1	8	36	16	18	-1	23	26	-1	29	-1	-1	-1	6
17	21	25	2	4	-1	14	-1	16	6	20	11	8	3	23	29	-1	26	-1	35	31	10	-1	-1	22	15	1	34	-1	27	36	18	-1	-1	19	-1
11	-1	-1	-1	-1	-1	23	-1	-1	-1	-1	-1	14	-1	31	27	22	-1	4	20	-1	32	-1	15	-1	35	-1	30	-1	21	-1	7	3	-1	-1	-1
-1	30	31	-1	7	-1	-1	-1	13	26	-1	2	24	10	17	18	-1	-1	21	-1	34	-1	1	-1	4	32	-1	11	6	-1	33	-1	20	8	-1	-1
26	13	36	3	16	20	-1	31	-1	18	-1	8	6	21	34	32	1	7	-1	-1	23	-1	2	-1	-1	-1	10	25	12	-1	11	35	27	-1	-1	-1
-1	14	-1	9	12	-1	21	4	-1	-1	1	5	36	2	-1	11	19	25	-1	27	-1	6	-1	16	17	31	8	7	20	-1	-1	24	23	-1	-1	26
24	35	-1	18	26	3	29	20	1	5	-1	-1	9	-1	8	-1	10	-1	23	2	33	-1	19	36	31	-1	15	-1	-1	-1	-1	13	-1	21	12	17
15	-1	-1	5	-1	-1	13	-1	24	33	-1	-1	19	18	28	-1	-1	27	-1	34	7	-1	22	3	-1	-1	11	-1	-1	8	16	-1	-1	20	6	32
6	-1	-1	-1	-1	-1	8	30	-1	-1	23	-1	-1	-1	-1	-1	29	24	-1	-1	-1	28	-1	32	-1	-1	17	36	-1	1	25	14	26	-1	-1	9
22	-1	-1	10	32	13	11	-1	12	21	2	-1	26	-1	-1	36	-1	17	-1	6	-1	-1	14	-1	-1	33	20	3	27	9	35	23	28	24	7	-1
30	9	11	8	17	36	16	6	34	15	22	-1	-1	-1	25	12	35	-1	-1	21	10	4	-1	20	7	19	28	24	14	29	2	31	5	33	27	-1
-1	-1	21	-1	-1	16	3	-1	17	7	31	32	-1	-1	-1	34	-1	20	1	26	9	24	35	-1	13	-1	6	5	-1	2	10	4	8	29	-1	36
-1	-1	3	-1	24	4	36	-1	-1	22	-1	-1	35	30	26	28	7	31	-1	11	15	17	8	5	14	9	-1	33	-1	-1	-1	-1	-1	25	-1	19
2	-1	17	7	-1	-1	-1	-1	-1	14	26	-1	-1	-1	-1	13	8	10	28	25	3	-1	31	23	16	30	4	12	5	20	6	34	36	32	22	35
-1	-1	10	11	20	8	-1	15	28	13	-1	9	-1	33	14	19	-1	23	30	-1	-1	26	-1	35	-1	2	3	-1	34	6	-1	-1	7	-1	-1	5
5	26	-1	-1	30	-1	-1	-1	-1	23	7	3	29	17	2	16	34	6	32	-1	-1	-1	24	9	11	36	-1	31	-1	10	28	33	-1	-1	-1	-1
31	15	32	34	22	12	4	5	20	8	-1	30	21	11	-1	25	24	36	-1	-1	1	-1	-1	-1	-1	-1	19	35	28	-1	-1	-1	9	-1	-1	14
9	-1	-1	16	-1	-1	10	32	-1	31	-1	35	5	1	-1	4	-1	12	2	-1	14	36	27	-1	25	17	-1	21	24	-1	-1	11	29	26	8	-1
-1	22	15	-1	-1	-1	24	2	-1	-1	28	-1	10	35	5	8	14	-1	13	12	36	34	25	26	-1	3	21	23	16	17	27	-1	33	-1	11	-1
-1	-1	14	29	28	26	-1	22	3	-1	13	-1	-1	19	20	15	-1	-1	10	-1	4	-1	6	24	33	8	-1	2	25	31	-1	-1	-1	-1	-1	23
-1	2	-1	-1	3	11	-1	19	6	-1	8	33	34	23	-1	31	16	18	-1	9	-1	30	-1	-1	-1	7	14	-1	36	35	26	21	-1	12	29	-1
-1	-1	33	-1	-1	32	17	36	-1	-1	-1	14	30	-1	7	2	9	21	19	16	-1	-1	23	11	20	5	13	29	-1	4	3	28	6	1	24	18
21	-1	-1	12	-1	5	31	35	32	-1	-1	23	-1	22	-1	-1	17	-1	7	8	29	-1	15	-1	1	28	-1	6	19	-1	14	25	34	-1	-1	-1
23	20	24	25	35	19	-1	-1	4	-1	21	34	-1	27	32	1	6	29	-1	33	-1	-1	17	31	-1	-1	-1	-1	26	12	-1	8	13	15	-1	-1
36	32	27	22	1	-1	-1	-1	-1	16	29	-1	4	-1	-1	17	26	-1	11	-1	-1	35	34	6	-1	24	2	-1	-1	-1	31	12	14	-1	9	-1
12	3	-1	-1	-1	29	-1	26	35	4	11	1	-1	24	6	-1	-1	13	33	28	-1	-1	-1	10	19	-1	-1	8	7	30	-1	-1	18	34	5	-1
-1	-1	5	20	-1	17	32	-1	-1	19	10	-1	-1	36	-1	35	-1	-1	-1	-1	12	-1	3	4	28	14	-1	18	-1	-1	-1	-1	24	6	25	-1
-1	8	-1	-1	31	2	-1	-1	-1	17	24	25	-1	14	-1	9	-1	34	-1	5	19	-1	-1	-1	6	10	-1	-1	3	-1	20	32	1	23	35	-1
19	24	7	26	10	-1	-1	23	9	28	-1	6	-1	12	1	3	-1	5	31	32	-1	20	-1	-1	-1	4	29	17	35	-1	8	30	21	22	-1	11
28	-1	-1	13	9	6	34	8	30	36	14	-1	-1	29	10	20	18	33	24	23	21	-1	-1	-1	12	-1	25	-1	31	5	19	15	4	-1	26	27
