6
1
-1	-1	-1	-1	-1	-1	24	-1	17	27	-1	30	21	-1	-1	-1	-1	-1	-1	15	-1	-1	1	14	-1	-1	-1	-1	-1	-1	9	28	16	34	33	2
-1	-1	-1	20	-1	-1	2	28	-1	29	-1	11	-1	-1	3	12	14	1	-1	16	10	4	-1	25	17	-1	30	34	32	-1	15	-1	18	-1	-1	19
-1	-1	16	-1	27	-1	-1	7	23	32	-1	8	-1	-1	20	5	-1	-1	-1	9	18	12	-1	-1	-1	-1	-1	-1	-1	-1	-1	13	22	1	-1	-1
-1	-1	31	5	25	33	-1	9	-1	-1	35	3	-1	-1	-1	16	-1	-1	-1	22	8	19	30	-1	26	-1	13	-1	18	-1	-1	-1	-1	-1	-1	14
-1	-1	-1	-1	-1	14	-1	-1	18	-1	-1	-1	9	17	-1	19	-1	-1	-1	28	-1	-1	-1	-1	24	-1	1	16	33	-1	-1	32	30	25	-1	-1
-1	4	-1	13	30	-1	25	-1	-1	33	-1	-1	-1	-1	-1	-1	31	-1	-1	-1	21	11	-1	-1	-1	-1	-1	-1	-1	12	-1	7	-1	27	-1	-1
-1	-1	-1	19	-1	36	30	-1	-1	-1	-1	9	-1	15	-1	-1	10	-1	21	-1	34	-1	28	-1	20	-1	-1	-1	-1	-1	-1	-1	23	-1	35	25
20	24	-1	-1	-1	-1	-1	23	-1	6	-1	-1	-1	7	13	3	18	29	-1	35	-1	16	-1	4	-1	-1	-1	-1	-1	-1	-1	14	-1	8	-1	-1
-1	-1	11	-1	22	-1	16	5	-1	8	21	-1	4	-1	-1	-1	-1	-1	1	27	13	-1	7	-1	-1	-1	-1	-1	-1	30	-1	33	-1	-1	15	-1
-1	23	21	-1	7	12	-1	18	-1	15	14	13	30	-1	1	-1	36	-1	-1	-1	-1	8	-1	20	-1	-1	10	-1	-1	16	-1	-1	-1	-1	-1	27
-1	-1	32	28	13	-1	3	-1	22	34	-1	-1	2	-1	35	-1	21	8	-1	14	36	15	19	-1	29	-1	-1	31	-1	18	5	-1	-1	16	-1	-1
-1	-1	4	15	3	35	-1	20	-1	-1	-1	-1	-1	-1	-1	14	-1	-1	30	-1	-1	23	-1	26	12	36	-1	-1	21	9	10	-1	-1	32	13	18
-1	32	-1	-1	34	31	17	1	-1	19	-1	-1	-1	35	12	-1	-1	9	-1	6	33	-1	-1	-1	27	-1	24	-1	-1	21	-1	18	28	4	-1	26
-1	-1	-1	21	-1	11	-1	-1	14	-1	-1	-1	-1	-1	4	-1	-1	13	-1	36	35	-1	17	-1	-1	-1	-1	1	8	-1	-1	-1	-1	30	-1	-1
-1	-1	36	24	18	4	-1	26	7	21	-1	31	-1	3	17	-1	-1	-1	5	1	-1	32	16	28	-1	6	-1	23	-1	35	2	19	-1	-1	-1	9
28	-1	-1	-1	1	-1	6	12	-1	-1	2	-1	32	-1	-1	11	-1	-1	4	-1	-1	13	-1	31	7	-1	-1	17	19	-1	34	36	15	23	-1	-1
30	-1	-1	2	-1	-1	-1	25	-1	-1	-1	4	-1	-1	-1	-1	-1	-1	14	-1	-1	-1	-1	-1	-1	-1	9	13	29	-1	-1	-1	21	-1	-1	-1
17	29	33	-1	5	-1	34	-1	-1	-1	18	-1	-1	19	-1	-1	-1	-1	-1	-1	-1	9	26	-1	3	-1	28	-1	25	4	-1	12	-1	-1	-1	-1
-1	-1	-1	-1	21	-1	-1	-1	-1	1	-1	-1	15	8	-1	10	28	4	-1	-1	30	-1	2	-1	-1	24	-1	12	20	17	-1	-1	-1	29	-1	32
-1	-1	13	-1	20	-1	-1	-1	-1	24	-1	34	-1	-1	-1	2	-1	-1	-1	26	-1	-1	-1	-1	33	29	-1	-1	31	22	12	10	-1	-1	9	-1
19	-1	-1	25	-1	-1	-1	30	-1	-1	-1	-1	34	-1	-1	-1	-1	14	20	8	32	-1	-1	-1	13	1	-1	-1	-1	23	7	2	3	15	26	-1
-1	-1	-1	22	-1	-1	-1	-1	29	28	36	2	-1	27	-1	-1	20	25	-1	21	4	-1	-1	12	-1	15	-1	9	34	3	-1	-1	17	-1	18	-1
-1	-1	-1	17	-1	-1	-1	-1	-1	-1	-1	20	-1	26	-1	-1	12	23	-1	3	-1	-1	-1	29	35	18	-1	10	-1	-1	22	27	-1	31	-1	-1
36	15	24	12	-1	30	23	-1	-1	13	-1	-1	-1	-1	-1	21	-1	22	18	17	-1	14	-1	5	-1	-1	7	-1	-1	8	-1	-1	-1	-1	34	-1
-1	-1	19	-1	10	-1	-1	-1	-1	26	-1	15	16	14	21	35	11	6	17	-1	-1	-1	-1	-1	-1	-1	-1	-1	-1	-1	-1	-1	25	-1	-1	-1
-1	26	-1	-1	-1	5	-1	-1	-1	-1	-1	-1	-1	-1	-1	-1	-1	36	-1	23	-1	35	-1	-1	-1	13	4	-1	7	-1	33	3	-1	-1	6	17
-1	-1	8	-1	9	-1	-1	19	20	30	-1	-1	28	-1	-1	-1	32	-1	25	4	-1	-1	22	-1	-1	-1	-1	-1	-1	-1	-1	-1	-1	-1	-1	15
-1	17	-1	14	-1	28	-1	-1	24	18	3	-1	-1	-1	7	-1	-1	15	31	-1	-1	33	-1	1	36	-1	12	35	-1	-1	-1	-1	26	-1	-1	-1
15	-1	-1	18	-1	-1	29	36	-1	7	-1	6	-1	-1	-1	1	-1	-1	-1	-1	26	28	-1	-1	25	-1	-1	8	-1	32	-1	31	-1	-1	-1	-1
-1	35	-1	32	-1	16	-1	-1	28	2	-1	-1	-1	-1	26	-1	13	-1	34	-1	-1	27	-1	-1	-1	30	-1	-1	-1	5	1	-1	-1	-1	7	-1
34	5	2	23	28	-1	7	-1	-1	-1	-1	24	-1	1	27	-1	16	-1	29	-1	-1	-1	18	-1	-1	8	-1	26	9	-1	-1	-1	6	22	-1	-1
-1	-1	10	-1	-1	17	33	-1	-1	14	25	-1	35	-1	-1	-1	-1	-1	16	-1	23	26	36	-1	21	7	20	-1	-1	-1	31	-1	-1	-1	-1	-1
-1	20	6	-1	-1	13	-1	15	9	-1	-1	-1	14	11	8	29	7	-1	-1	-1	5	-1	-1	-1	34	-1	-1	-1	-1	-1	25	-1	-1	-1	-1	-1
12	-1	18	-1	-1	-1	8	-1	1	-1	-1	-1	-1	-1	30	24	-1	5	7	2	-1	-1	-1	27	-1	4	-1	36	10	-1	-1	-1	-1	-1	-1	-1
35	-1	30	-1	-1	3	-1	-1	-1	-1	-1	29	-1	21	25	-1	17	20	-1	-1	6	-1	4	24	23	-1	-1	-1	-1	15	-1	-1	9	26	-1	-1
-1	-1	-1	27	24	-1	-1	31	26	-1	-1	-1	-1	-1	9	-1	-1	-1	-1	-1	-1	-1	-1	8	-1	-1	-1	-1	-1	-1	28	11	-1	-1	16	-1
108 
27 2 35 22
27 2 23 36
24 13 11 12
28 17 36 27
5 1 26 21
14 14 5 1
7 31 10 28
29 26 1 3
1 3 7 31
4 9 7 32
30 33 11 11
32 17 24 28
20 36 27 34
7 1 19 15
8 23 2 11
2 19 22 13
6 31 32 8
11 1 10 25
11 36 14 33
17 22 19 12
2 6 22 3
28 32 5 35
23 1 20 9
13 17 15 11
14 7 10 34
9 16 24 14
6 26 21 23
28 12 33 18
29 19 17 13
30 25 15 2
31 24 26 5
20 33 31 24
7 9 29 29
15 21 9 14
4 33 25 36
14 26 35 20
35 13 27 7
2 14 13 1
35 13 23 19
30 7 7 2
23 8 6 12
23 8 3 26
3 6 32 5
26 24 36 19
31 32 23 23
22 15 17 32
34 2 13 9
18 26 35 10
3 35 20 13
21 11 36 22
7 26 8 5
6 6 7 24
17 20 26 13
33 12 27 22
14 24 12 12
8 28 10 33
22 19 30 21
14 16 36 20
5 21 18 6
5 21 30 3
23 7 3 2
8 31 4 32
28 8 8 31
16 17 1 15
17 7 19 8
16 17 21 22
2 3 19 32
14 5 28 29
18 12 9 17
23 22 32 32
29 36 23 22
14 8 26 19
10 9 30 12
15 13 26 14
11 16 19 20
6 19 16 4
33 1 11 6
24 26 14 30
4 19 8 7
12 1 7 13
2 30 25 11
33 26 8 25
24 34 17 15
8 25 24 34
36 1 28 23
25 27 12 32
13 11 32 30
13 24 3 18
3 18 28 14
22 32 3 18
24 21 35 26
22 2 27 11
33 5 21 16
22 25 32 16
24 8 22 25
4 14 35 19
16 14 7 15
8 26 2 13
11 8 12 20
26 9 25 32
26 9 23 6
6 23 9 4
36 33 27 32
2 26 6 24
19 19 18 34
1 19 35 5
18 16 23 27
27 33 21 36
