9
1
8	20	29	47	16	35	65	71	7	17	53	55	6	27	59	56	61	48	68	44	26	40	25	38	13	81	11	5	41	21	49	36	39	19	45	50	69	46	64	10	42	76	57	22	60	32	1	51	18	2	43	24	28	54	80	34	72	58	37	77	9	4	15	79	52	63	67	75	31	12	30	23	73	14	74	66	3	78	33	70	62
43	52	59	32	69	54	40	21	64	31	65	15	44	19	74	42	39	68	80	73	76	12	79	14	78	8	51	7	10	53	30	17	66	34	38	4	18	27	24	29	25	23	45	61	71	13	33	37	75	67	26	36	46	3	35	63	6	5	11	28	22	49	1	62	57	55	20	56	9	70	60	48	81	50	47	16	2	72	77	41	58
23	31	10	78	44	45	66	41	62	49	52	25	30	73	1	70	46	12	5	37	72	74	20	57	58	42	53	8	16	54	9	32	77	64	14	33	68	38	63	55	17	56	79	26	51	59	34	7	4	81	39	15	35	11	60	29	67	2	3	75	48	40	24	21	22	50	18	43	13	6	47	36	69	80	19	28	71	65	27	61	76
68	28	58	22	19	12	39	25	36	75	77	2	35	32	16	34	13	38	63	18	9	62	67	21	1	56	3	79	6	72	73	61	78	46	42	48	65	4	50	70	15	40	41	80	81	53	66	45	57	49	74	17	5	10	54	30	69	55	47	43	7	27	23	44	29	76	71	8	33	51	59	14	20	60	26	31	24	37	64	11	52
4	56	27	57	14	6	74	42	67	7	47	24	81	37	76	5	51	20	59	29	61	50	71	66	65	43	46	2	28	55	3	80	60	18	75	15	30	58	52	54	1	31	33	49	13	41	69	23	72	8	70	62	73	16	38	21	39	19	44	10	36	68	53	35	64	11	77	17	32	78	26	40	25	9	12	45	48	34	22	63	79
55	3	49	11	34	76	60	2	30	4	67	57	45	36	26	78	43	10	27	77	39	32	22	7	41	23	31	37	51	71	63	56	13	24	81	68	62	16	20	48	9	74	14	72	19	40	50	47	44	65	38	6	21	52	79	61	18	33	64	17	70	12	42	46	58	73	25	80	66	15	69	28	29	8	5	53	75	54	1	35	59
33	48	63	51	13	77	9	75	46	54	79	62	40	64	41	72	80	60	28	35	45	36	34	30	19	52	69	70	22	11	67	47	12	23	44	57	37	21	5	53	7	78	73	3	32	20	29	68	42	76	25	55	27	58	8	50	59	71	66	31	26	65	14	1	16	2	24	81	74	38	49	61	15	56	6	4	43	18	39	10	17
81	26	37	15	17	80	1	38	73	66	21	18	33	3	11	50	9	14	6	24	16	48	49	10	64	70	4	58	31	25	74	29	69	43	35	62	39	75	77	28	34	59	8	47	2	79	60	63	71	12	22	56	61	19	13	45	76	46	20	57	51	78	52	27	72	68	5	65	53	42	41	54	7	23	55	36	44	40	32	30	67
5	24	50	70	79	18	72	53	61	71	28	22	29	23	63	8	69	58	2	60	47	54	55	33	75	17	15	65	1	20	40	76	59	26	27	52	43	12	36	66	11	67	35	6	44	77	30	31	48	80	64	78	9	14	73	81	62	41	74	16	56	25	32	10	34	39	4	45	3	7	19	37	68	21	13	38	57	46	51	49	42
58	73	45	23	10	66	59	11	75	25	36	42	57	47	52	21	15	81	35	65	37	51	1	60	70	18	30	55	68	13	54	78	74	69	62	77	2	6	29	19	76	14	3	7	8	43	20	40	49	5	79	16	22	31	12	80	28	67	26	32	39	24	61	56	53	44	64	4	72	34	50	38	63	17	41	46	27	48	9	71	33
3	78	46	43	42	51	47	52	15	58	59	33	32	7	29	65	63	8	31	48	57	71	14	20	26	39	5	50	4	28	25	41	19	40	66	72	44	49	18	17	80	55	38	24	27	67	62	1	37	13	10	34	56	64	16	11	9	30	70	79	6	60	81	45	68	36	73	76	23	69	2	35	75	77	21	74	12	22	53	54	61
20	14	74	31	53	4	36	5	41	60	43	56	51	44	6	3	64	61	7	45	17	8	69	25	59	9	75	21	18	22	38	34	29	49	79	10	35	70	11	50	54	66	23	73	78	68	63	15	81	33	80	12	55	30	1	2	52	37	77	76	19	13	27	48	32	26	42	16	67	24	71	46	72	65	58	40	62	47	57	39	28
7	35	72	9	18	1	8	12	69	23	24	68	50	75	49	37	2	53	62	28	15	47	36	34	67	40	13	44	71	57	59	20	70	45	3	11	63	30	39	31	21	26	42	77	33	46	76	61	19	48	60	25	52	32	58	43	29	22	65	54	41	73	64	5	51	27	80	78	14	10	17	74	79	66	81	6	55	56	4	38	16
27	34	2	50	25	48	29	76	13	20	55	9	74	30	46	26	28	5	41	79	63	6	66	56	49	10	23	32	61	75	60	7	80	33	16	1	45	53	69	67	81	52	22	37	64	47	58	59	17	42	65	35	54	4	51	78	14	40	71	72	44	31	38	12	70	19	39	62	21	77	57	15	18	3	68	8	36	11	43	73	24
79	44	60	71	33	24	49	56	81	40	38	10	70	62	45	80	17	31	11	78	19	68	52	4	16	12	72	76	23	47	27	26	65	48	67	6	34	13	28	57	46	58	59	5	36	9	18	73	53	29	2	77	39	69	15	74	63	66	8	21	55	3	20	37	61	54	75	30	41	1	22	43	50	32	51	7	42	25	35	64	14
54	22	61	63	32	70	64	16	17	19	13	73	67	12	27	1	72	66	74	2	77	21	44	53	55	50	80	30	39	42	56	43	35	81	36	46	60	20	71	25	75	62	68	15	47	23	41	28	38	3	57	51	14	24	59	18	48	10	33	7	5	45	4	40	6	49	65	9	79	11	8	58	31	76	69	78	52	29	37	26	34
38	68	67	55	40	30	62	57	77	41	69	39	16	34	18	54	14	71	58	22	24	3	43	81	29	27	76	12	8	37	15	64	73	53	51	5	79	72	61	65	32	9	1	48	4	78	26	6	50	45	21	74	11	36	23	75	56	47	17	42	25	46	35	7	28	33	52	63	59	66	31	60	49	13	44	2	20	70	10	19	80
65	21	28	6	39	26	37	19	80	35	22	77	79	48	4	76	78	11	46	61	33	73	42	54	38	64	32	17	9	2	31	14	24	52	58	63	51	43	10	74	40	16	56	41	12	7	72	44	70	27	71	66	8	75	68	53	36	49	69	50	34	57	62	47	13	20	81	3	29	18	55	25	60	15	23	59	67	45	30	5	1
45	27	18	1	5	75	4	13	79	56	40	59	11	9	81	58	8	17	70	34	42	52	78	51	48	46	12	3	53	10	43	50	72	14	77	22	41	65	7	68	55	57	21	67	63	37	47	38	36	69	19	61	64	66	49	26	24	32	80	60	54	39	73	16	2	23	28	35	76	44	6	20	62	71	33	25	30	31	74	29	15
64	19	40	60	68	14	3	74	52	15	63	46	21	65	67	28	57	72	53	71	7	59	23	69	6	73	66	35	34	32	62	31	36	55	25	70	8	22	26	51	2	20	29	44	75	24	54	9	16	10	76	13	48	17	47	1	4	78	38	58	27	11	79	39	33	81	45	50	5	43	12	30	42	18	37	61	77	80	49	56	41
59	80	76	53	12	44	26	29	47	1	4	27	48	69	34	10	24	3	61	64	8	81	62	55	5	60	35	51	58	79	57	37	20	67	15	19	16	66	17	43	33	45	11	54	40	6	28	41	46	31	77	32	18	22	50	72	70	68	25	14	30	52	56	71	36	7	74	73	38	49	42	75	9	2	78	21	65	13	63	23	39
25	70	41	35	20	8	30	66	33	6	71	37	42	31	2	19	32	22	18	26	36	44	17	76	77	3	79	16	40	9	28	74	64	73	80	69	14	47	4	5	58	12	39	56	72	49	23	27	21	75	51	50	78	63	43	67	65	45	7	15	29	59	13	61	48	34	1	55	24	57	52	62	10	46	53	54	11	68	38	81	60
16	9	6	77	72	22	71	49	51	13	50	36	62	43	80	75	23	70	4	54	38	30	15	39	74	32	28	33	65	61	48	1	52	66	76	45	24	10	60	73	31	27	19	18	69	3	7	79	12	53	34	42	68	25	5	41	37	17	21	40	81	2	57	63	56	14	78	58	46	29	64	11	35	26	8	44	59	67	47	20	55
15	81	55	46	23	2	7	50	78	61	74	26	18	16	5	73	54	76	45	14	68	63	41	65	72	37	24	11	21	12	42	38	6	39	29	47	48	71	9	49	35	79	13	70	1	56	44	33	8	40	30	52	43	67	31	62	75	53	22	19	20	64	77	60	59	17	66	25	80	32	10	4	3	27	36	69	58	28	34	57	51
56	11	69	37	54	57	61	34	58	30	7	47	39	41	78	52	12	55	40	16	80	67	9	19	21	31	22	60	46	68	26	23	4	2	63	49	25	28	32	59	36	81	53	64	38	45	71	35	62	20	29	70	15	73	42	48	66	74	10	33	76	44	6	3	27	72	8	18	51	13	65	77	24	75	14	5	79	50	17	1	43
36	65	43	48	24	67	42	17	39	45	66	38	68	35	64	33	20	51	1	50	49	75	10	29	56	57	25	18	44	30	41	13	27	54	8	7	77	3	78	62	37	46	76	74	34	58	5	2	11	14	59	81	60	80	61	16	55	69	63	71	23	28	9	53	26	40	31	47	22	79	15	21	19	6	70	52	4	73	12	72	32
63	10	62	38	31	32	73	28	21	44	49	53	14	79	25	60	77	29	13	47	27	43	33	11	2	20	58	59	5	81	75	71	56	78	17	24	6	42	30	15	23	80	52	50	61	72	57	4	74	1	55	26	65	39	46	51	3	34	36	35	12	18	8	54	69	37	41	68	19	9	67	70	16	48	45	64	7	66	76	40	22
47	7	1	42	9	52	18	70	4	67	72	81	80	58	54	27	41	56	26	69	11	39	5	16	17	13	6	73	35	74	20	8	43	62	22	51	32	23	21	63	3	44	61	38	59	31	24	46	15	71	33	68	53	34	45	64	77	75	19	48	78	37	29	36	25	28	57	79	60	65	76	12	55	30	40	14	10	2	50	66	49
78	25	75	28	73	53	2	35	56	59	23	66	24	1	12	11	55	19	37	10	65	70	76	46	80	49	62	63	36	34	47	48	41	77	69	81	17	51	15	72	16	50	54	39	52	14	64	32	60	38	6	67	29	7	4	20	13	43	57	30	21	58	74	26	42	9	40	27	68	5	45	3	61	44	22	79	31	33	71	18	8
32	17	20	12	38	10	22	15	57	51	33	13	69	29	3	71	16	35	64	66	21	24	68	36	23	7	40	27	30	31	2	18	55	9	59	28	81	77	48	47	14	4	78	79	45	5	74	65	58	39	62	43	50	8	44	49	26	6	60	34	42	1	80	19	54	67	61	37	63	75	56	41	46	70	52	73	72	76	11	25	53
46	30	79	13	80	27	23	68	8	50	45	44	5	52	14	39	60	62	73	67	81	35	2	32	34	28	43	29	33	6	7	58	3	21	72	26	40	19	37	11	57	1	49	65	55	36	12	10	25	61	48	20	4	59	63	15	17	76	53	41	18	16	22	24	38	47	69	31	70	64	66	71	77	51	54	75	9	74	42	78	56
6	40	19	14	45	81	77	24	43	38	18	30	65	63	42	47	73	2	22	25	75	27	4	9	53	15	33	80	32	60	52	39	50	44	68	61	36	69	13	41	64	70	31	12	46	55	21	17	23	78	54	76	57	49	7	56	10	62	28	5	79	71	66	11	8	58	72	74	16	48	20	51	59	34	35	26	37	1	3	67	29
61	41	66	5	51	29	33	65	3	8	9	28	64	22	36	53	48	34	38	74	60	19	31	58	57	79	20	54	49	17	37	46	10	1	70	71	26	18	56	76	68	25	62	42	67	27	75	30	45	11	44	63	80	72	14	12	50	52	2	55	40	81	59	77	73	6	15	32	78	21	35	13	23	69	43	47	39	16	24	4	7
37	74	48	59	49	39	54	60	72	68	32	40	76	26	21	57	6	75	44	41	30	55	29	77	71	47	56	25	78	64	23	67	79	65	19	42	80	34	66	27	22	5	2	43	53	73	3	69	51	52	13	28	16	1	70	36	31	35	24	9	8	61	11	14	4	18	50	10	62	46	33	7	17	45	63	12	38	81	15	58	20
21	16	26	64	11	36	76	31	44	74	78	7	25	49	61	79	4	46	52	72	54	45	63	12	50	59	18	15	38	5	66	24	14	56	13	75	10	35	8	20	30	29	58	71	28	81	2	77	9	41	42	37	70	40	67	69	51	3	39	73	32	33	47	17	80	22	23	1	34	53	43	55	6	68	60	62	19	57	48	27	65
67	63	71	62	58	55	34	69	50	43	15	20	17	70	77	31	10	37	48	1	51	14	61	8	3	78	42	45	76	4	11	53	57	16	40	12	9	60	33	7	73	6	24	75	74	22	79	18	66	26	56	47	19	35	25	27	46	72	54	23	68	38	65	81	49	30	59	52	44	2	29	39	36	28	80	41	13	21	5	32	64
12	18	34	75	50	37	17	61	63	9	44	67	77	45	62	20	35	36	56	43	41	49	70	28	69	6	71	47	14	1	72	68	26	76	60	53	55	5	57	21	29	33	16	27	24	30	80	39	2	58	81	54	31	51	11	19	42	13	73	25	15	79	46	65	23	78	48	40	52	3	7	64	22	10	66	32	74	38	8	59	4
40	29	78	56	76	20	6	33	74	55	2	41	10	39	68	18	79	30	8	27	3	4	45	42	22	14	9	67	80	63	50	25	37	7	12	54	15	36	38	71	48	32	26	1	31	75	77	13	24	17	47	19	23	61	72	58	64	44	49	65	62	21	70	69	66	53	46	59	73	60	11	34	5	52	57	43	51	35	16	28	81
9	39	42	25	3	28	55	51	53	47	6	78	4	11	50	40	81	7	16	13	73	61	80	1	31	65	48	24	62	8	17	33	32	58	56	21	59	44	35	37	66	75	20	2	49	34	22	12	5	64	41	79	67	46	52	77	38	29	18	45	69	36	76	68	43	57	70	19	71	54	74	10	14	72	30	27	15	63	23	60	26
44	23	35	66	62	59	31	30	24	70	14	64	63	28	19	12	26	13	78	33	5	20	54	37	60	76	36	69	29	51	46	65	15	4	73	38	58	68	34	52	43	53	18	81	6	11	27	21	10	32	8	9	3	42	57	47	74	50	40	80	71	41	55	72	79	16	17	22	39	67	77	45	2	49	7	1	25	61	56	75	48
72	47	52	68	81	13	43	45	22	16	56	65	8	53	38	46	42	80	24	30	10	15	77	50	35	21	57	49	27	44	5	9	48	11	28	55	7	62	14	79	41	3	64	25	23	74	70	60	73	4	66	71	1	26	78	37	2	63	51	59	31	54	33	75	12	32	58	29	6	76	61	18	39	36	34	67	69	20	19	17	40
57	38	54	21	70	69	58	8	71	37	3	17	31	15	33	49	66	43	55	7	44	46	11	75	51	62	2	39	64	36	18	79	61	35	74	59	47	40	12	22	50	10	80	19	9	52	16	48	65	56	28	14	72	20	32	6	68	81	23	67	4	34	60	41	5	1	13	26	27	30	25	63	53	42	29	24	76	77	78	45	73
14	49	16	19	15	5	32	10	2	69	57	72	60	54	58	51	74	27	79	59	12	29	18	64	68	67	39	22	52	23	13	66	81	70	41	34	76	11	65	8	45	73	77	30	56	63	25	53	78	43	50	38	40	6	17	24	7	61	75	1	3	26	48	28	35	42	55	20	36	4	80	9	21	47	62	37	33	44	46	31	71
41	4	65	7	36	64	79	46	11	76	5	71	52	21	73	48	34	1	72	38	53	23	74	40	32	25	26	78	19	45	10	77	42	75	31	30	28	61	67	69	63	60	70	13	17	57	15	55	29	37	68	59	44	33	20	35	22	16	27	66	14	43	39	8	62	51	56	49	81	47	24	2	12	54	9	58	50	6	80	3	18
1	77	73	80	27	60	67	48	26	22	75	29	23	61	32	25	59	24	34	81	66	58	47	63	52	19	17	43	57	16	6	2	40	20	71	3	42	78	72	46	51	39	74	4	54	62	49	76	69	35	36	18	7	45	9	8	5	28	30	53	10	56	12	31	15	38	21	14	37	50	44	33	13	41	65	68	64	55	70	79	11
10	36	70	8	52	17	68	3	55	39	1	4	53	14	15	16	75	21	9	6	20	72	32	62	33	63	74	48	66	50	65	19	23	71	2	31	46	73	40	56	18	42	44	29	43	25	59	24	64	54	12	57	79	78	34	7	11	27	81	38	28	22	67	13	37	61	60	69	30	80	51	26	76	5	77	49	35	58	41	47	45
48	45	7	4	21	63	19	62	12	26	41	51	71	46	66	69	44	79	57	49	1	17	30	61	40	38	50	64	72	18	70	59	34	3	9	56	33	31	27	75	10	65	15	55	58	76	37	11	77	28	32	22	81	23	39	54	47	60	68	74	16	35	43	52	78	25	6	53	2	73	5	8	80	24	42	20	29	14	67	13	36
71	66	9	79	57	73	13	80	18	24	17	58	7	74	48	22	65	40	81	36	70	31	59	68	12	4	55	6	26	38	35	44	54	28	20	29	52	2	41	14	53	64	51	21	11	19	10	5	43	62	27	39	49	56	37	32	45	77	15	78	1	8	63	67	47	75	34	33	42	72	23	76	30	25	61	50	46	60	69	16	3
29	61	22	2	59	42	44	64	28	81	70	35	56	67	37	55	30	73	39	11	13	16	48	23	25	51	54	77	79	76	33	27	47	63	43	58	3	57	45	36	19	34	60	78	5	18	31	8	80	15	14	69	6	21	53	65	41	4	9	24	75	20	17	50	7	12	49	46	1	71	62	32	52	40	38	72	26	10	66	68	74
31	32	81	65	46	72	14	1	25	77	10	76	54	18	28	45	11	42	60	56	35	66	58	5	8	34	78	41	55	40	21	75	30	36	57	17	12	37	59	80	6	49	50	9	16	38	48	26	67	47	61	7	63	70	69	52	71	23	13	64	33	51	3	22	74	29	68	24	4	20	39	19	43	73	79	15	53	62	44	2	27
35	51	23	74	60	38	16	77	76	34	27	52	19	13	20	62	5	78	10	21	29	80	26	44	15	41	73	53	24	46	12	69	7	32	4	67	22	81	47	1	39	72	63	66	68	2	65	75	30	9	17	40	42	50	36	25	79	31	6	61	49	55	58	70	45	48	43	28	18	14	3	59	57	33	11	71	56	64	54	8	37
11	50	53	39	41	33	75	43	54	2	31	23	12	25	57	6	68	49	3	52	14	28	37	79	47	24	7	10	15	62	1	16	8	74	78	60	61	67	70	30	4	69	32	76	20	35	51	34	55	36	45	46	13	71	40	42	73	80	29	26	66	72	5	58	44	65	38	64	77	56	9	27	48	19	17	22	81	59	18	21	63
30	37	56	58	67	34	69	27	20	64	61	32	72	60	47	38	50	63	19	75	46	2	53	43	42	77	45	81	25	80	68	51	49	22	5	14	13	8	23	35	24	7	71	28	26	33	73	52	3	66	16	41	74	29	18	44	12	21	76	62	59	48	10	57	55	15	36	11	54	40	79	17	78	39	31	65	1	4	6	9	70
26	15	5	49	78	47	24	40	6	29	80	43	36	33	8	59	3	9	67	76	71	69	64	27	18	22	65	52	37	39	45	73	11	42	61	13	54	25	74	38	79	77	48	17	62	44	4	58	1	68	72	53	20	60	2	46	57	56	14	70	50	19	30	66	21	31	35	41	10	63	81	16	34	7	28	55	32	12	75	51	23
49	72	68	54	55	62	41	32	29	33	76	70	9	81	71	24	7	50	43	42	74	60	51	45	44	53	34	13	20	59	58	40	67	12	65	2	56	52	75	6	8	17	66	69	39	1	19	14	79	57	23	73	25	5	3	38	80	64	16	11	63	10	18	30	31	77	26	21	15	37	36	22	47	61	4	35	78	27	28	48	46
69	2	39	34	7	3	25	81	42	80	20	49	59	17	13	43	58	44	65	57	6	38	56	24	76	75	10	72	73	15	64	52	62	31	48	36	19	14	68	33	5	47	67	63	18	28	46	16	26	77	78	60	30	27	66	4	1	54	61	37	45	74	50	23	9	8	53	70	11	35	40	29	41	79	71	51	22	32	21	55	12
52	79	44	76	22	31	53	67	40	78	37	34	55	4	35	68	36	32	29	39	25	5	19	2	30	58	8	38	3	14	80	6	45	60	23	66	74	64	42	81	59	13	9	46	73	10	61	43	47	70	69	11	71	18	26	33	21	20	48	49	65	77	41	51	1	62	27	12	7	16	28	24	56	63	50	17	54	75	72	15	57
75	12	38	24	48	65	27	4	23	10	19	69	47	57	22	77	45	54	49	9	64	13	28	35	7	72	21	68	63	29	32	70	5	37	53	8	1	41	51	3	61	11	43	40	79	15	56	80	76	55	58	2	36	74	62	14	81	25	34	44	52	17	71	78	46	60	33	66	20	59	73	50	67	31	16	18	6	39	26	42	30
60	5	33	16	28	46	57	36	9	72	42	12	26	38	65	74	53	15	17	4	52	37	50	18	61	1	47	19	81	7	51	54	76	30	55	27	23	32	22	2	70	21	10	45	77	48	35	67	41	59	20	8	24	62	75	31	78	39	79	56	58	6	69	80	63	64	44	71	43	25	34	68	11	29	73	13	49	3	40	14	66
18	13	51	73	56	11	15	63	35	48	8	14	75	6	30	67	21	28	66	31	62	79	12	71	46	55	68	1	50	77	44	4	22	61	26	39	49	80	16	34	78	37	27	20	25	17	52	3	32	72	40	33	45	81	24	9	53	59	43	2	60	29	7	42	19	74	54	57	47	41	38	65	58	64	76	10	70	23	36	69	5
77	64	80	61	37	21	20	58	59	18	25	11	3	66	51	2	31	52	36	40	67	41	73	26	63	69	14	56	75	24	78	28	16	17	47	35	50	15	54	60	72	71	30	62	48	42	38	22	13	6	53	29	12	68	27	23	32	57	55	8	46	70	19	76	10	5	79	39	45	81	4	49	65	43	1	33	34	9	7	74	44
66	1	8	30	71	50	70	47	14	62	46	5	27	56	39	64	29	23	15	3	48	78	16	59	20	80	81	74	43	33	79	11	21	10	18	41	57	26	76	24	12	38	55	31	7	54	9	49	63	34	4	44	51	65	28	40	35	42	72	22	73	67	36	6	17	52	32	61	75	58	13	69	37	53	25	60	45	19	2	77	68
74	43	17	10	26	19	78	6	45	63	73	60	41	40	79	61	1	16	77	32	23	33	27	22	11	54	70	34	42	69	71	49	25	57	46	9	4	29	44	58	28	35	36	53	65	66	39	50	7	21	31	64	75	37	76	68	30	15	12	13	47	5	51	2	67	3	14	48	56	55	18	72	8	62	59	81	80	24	20	52	38
80	33	64	81	63	49	21	55	65	12	58	19	2	78	10	15	47	39	76	53	69	22	72	74	54	68	44	36	70	48	77	3	75	51	52	23	73	79	46	42	27	24	28	16	35	50	8	71	59	7	5	4	32	43	30	57	60	9	31	6	61	66	40	25	11	41	62	34	26	45	14	1	38	20	67	56	18	17	29	37	13
24	8	47	29	43	74	11	9	19	5	30	48	46	55	53	17	22	6	75	58	31	57	40	67	45	35	61	26	7	66	16	42	33	50	32	79	38	63	62	39	69	2	25	60	37	64	78	81	34	23	73	10	76	77	71	13	20	70	41	18	72	80	44	4	65	56	51	36	49	68	21	52	28	1	27	3	14	15	59	12	54
73	67	31	17	1	25	48	72	37	79	11	80	20	77	7	29	38	69	30	12	59	18	65	47	28	33	52	46	2	19	76	21	44	41	49	40	66	9	81	45	71	36	75	10	57	70	68	56	61	60	15	58	26	55	64	3	27	14	78	39	74	32	34	43	50	13	22	54	35	8	63	5	51	4	24	23	16	42	62	53	6
13	62	15	69	77	71	52	54	5	28	51	31	73	24	40	4	67	33	23	19	79	7	8	41	10	16	1	14	74	35	81	63	17	25	11	80	78	48	49	64	20	18	6	34	50	21	53	29	39	22	46	72	47	12	56	55	58	65	42	68	37	75	26	59	76	70	3	38	61	27	32	66	44	57	2	30	60	36	45	43	9
42	59	3	18	6	68	35	20	38	65	16	74	43	71	70	32	52	26	50	55	4	9	13	15	39	36	64	62	60	56	24	45	28	47	34	37	11	33	53	12	44	61	5	8	80	51	14	54	27	19	67	48	41	57	22	10	25	79	1	46	2	7	21	29	77	69	30	23	17	31	58	81	66	78	72	63	40	49	73	76	75
39	58	30	26	4	41	28	44	60	3	35	75	34	68	9	13	76	45	20	80	78	11	46	73	43	66	63	71	59	27	61	12	1	72	54	18	70	74	55	23	56	22	7	51	14	65	17	25	40	79	52	49	37	38	29	5	33	36	67	47	53	62	16	15	24	10	2	42	57	19	48	6	64	81	32	77	8	69	31	50	21
22	46	57	27	2	56	51	7	66	14	54	21	1	50	23	36	49	18	71	17	32	25	38	70	37	48	77	4	69	65	8	30	53	5	6	20	72	76	43	13	67	15	40	68	29	16	45	42	31	74	11	3	62	9	81	59	19	73	52	12	24	63	28	55	60	79	47	44	64	39	75	78	33	58	10	34	41	26	61	80	35
70	76	14	36	75	40	12	23	16	57	60	61	37	42	72	41	62	64	51	5	34	56	24	49	81	29	27	31	67	78	22	10	38	68	39	73	21	54	58	32	26	19	4	59	3	80	13	66	6	63	1	30	2	44	77	17	15	8	35	69	43	50	45	18	20	71	9	7	28	33	46	53	74	55	48	11	47	52	79	65	25
50	53	32	45	61	79	10	78	34	27	81	63	66	8	56	44	25	59	21	62	2	42	6	3	14	26	60	57	13	58	29	55	9	15	64	43	31	17	1	77	47	30	65	52	41	69	36	20	35	18	24	75	33	28	48	76	54	38	4	51	11	23	49	73	40	80	37	72	12	74	16	67	71	22	39	70	5	7	68	46	19
34	69	24	40	8	7	80	73	10	52	29	3	38	2	44	30	19	41	12	70	58	1	60	72	79	5	67	66	47	49	4	35	68	59	33	64	27	56	6	18	65	51	37	36	21	71	11	57	28	46	9	23	77	53	55	39	61	26	32	81	17	76	75	20	14	45	16	13	48	22	78	31	54	74	15	42	63	43	25	62	50
2	6	12	67	47	78	5	18	27	73	62	16	58	59	60	66	70	77	14	20	22	10	35	80	36	61	41	9	54	3	53	15	46	29	1	32	75	55	79	26	49	68	34	33	30	39	40	72	52	50	7	21	38	48	19	28	8	24	45	63	13	42	31	74	81	43	76	51	25	23	37	56	4	11	64	57	17	71	65	44	69
28	55	11	72	65	16	38	37	1	46	26	45	13	80	69	35	33	67	32	68	18	77	81	48	73	30	19	61	56	43	36	5	63	27	24	44	20	39	2	78	62	41	47	23	76	8	6	64	22	25	75	31	59	15	74	71	40	51	58	4	57	14	54	34	3	66	29	60	50	17	53	42	70	12	49	9	21	79	52	7	10
51	57	36	20	35	61	63	22	68	32	39	79	49	5	43	23	27	65	25	15	55	53	7	17	9	74	29	28	48	67	14	81	58	38	37	78	71	50	31	44	77	8	12	11	70	4	42	19	33	24	3	45	69	41	21	60	16	1	56	52	80	47	2	64	75	46	10	6	40	62	54	73	26	59	18	76	66	30	13	34	72
17	75	77	52	64	58	50	59	70	21	12	6	28	76	24	7	18	4	54	51	40	34	57	78	27	44	49	20	11	41	39	62	31	13	10	25	5	45	19	16	60	43	69	14	42	61	81	74	56	73	37	65	66	2	33	79	23	48	46	36	67	30	72	9	71	35	63	15	8	26	1	80	32	38	3	29	68	53	55	22	47
19	54	4	3	74	43	81	26	48	42	64	1	15	72	31	9	71	47	33	46	56	76	39	52	62	11	59	23	45	70	34	60	18	79	30	16	53	24	25	61	38	63	17	58	66	29	55	78	68	51	49	5	10	13	6	22	44	12	50	20	35	69	37	32	41	21	7	2	65	28	27	57	40	67	75	80	73	8	14	36	77
76	60	21	44	66	23	45	14	32	53	34	54	78	10	55	81	56	25	42	8	28	64	75	13	24	71	37	40	77	26	19	57	2	6	50	65	29	59	3	9	74	48	72	35	22	12	67	36	20	30	63	80	17	47	41	73	43	7	62	27	38	15	68	49	18	4	11	5	69	52	70	79	1	16	46	39	61	51	58	33	31
62	71	25	33	30	9	46	79	31	36	48	8	22	20	75	63	37	57	69	23	50	65	3	6	4	45	16	42	17	52	55	72	51	80	21	74	67	7	73	40	13	54	81	32	15	26	43	70	14	44	18	1	34	76	10	66	49	11	5	29	64	53	78	38	39	59	12	77	58	61	68	47	27	35	56	19	28	41	60	24	2
53	42	13	41	29	15	56	39	49	11	68	50	61	51	17	14	40	74	47	63	43	26	21	31	66	2	38	75	12	73	69	22	71	8	7	76	64	1	80	4	52	28	46	57	10	60	32	62	54	16	35	27	58	79	65	70	34	18	59	3	77	9	25	33	30	24	19	67	55	36	72	44	45	37	20	48	23	5	81	6	78
