8
1
15	39	45	25	42	4	20	47	3	-1	50	38	29	5	-1	28	56	32	60	14	-1	44	2	10	40	8	22	57	-1	-1	59	-1	7	35	55	30	54	53	11	36	-1	19	-1	61	48	58	34	6	26	62	16	1	37	21	9	-1	-1	23	51	64	27	13	52	-1
46	-1	57	1	-1	-1	62	5	26	27	47	63	61	21	23	44	34	4	9	48	20	-1	8	12	16	31	15	51	42	58	52	25	-1	29	56	41	50	37	49	19	-1	17	45	3	33	2	-1	10	-1	55	40	30	11	14	60	59	43	6	32	-1	35	53	36	54
-1	27	36	49	12	50	35	54	58	-1	45	55	32	13	25	6	52	22	61	28	51	38	7	37	47	53	64	19	26	21	-1	1	24	9	60	4	33	16	31	-1	18	15	62	43	14	30	41	39	10	5	42	20	23	3	57	-1	2	46	-1	-1	11	17	59	56
-1	19	63	-1	51	59	11	61	22	42	39	35	14	-1	40	56	64	5	25	-1	55	16	36	6	3	24	33	62	9	41	54	-1	38	46	18	32	13	2	28	23	53	1	37	21	27	20	60	47	17	34	15	45	12	4	44	-1	8	50	57	58	7	48	26	30
8	44	34	16	14	-1	2	30	57	59	64	-1	33	-1	60	15	43	42	29	31	-1	46	50	21	-1	-1	56	37	23	36	-1	-1	3	1	22	25	27	45	40	6	-1	55	52	13	11	12	24	51	39	53	38	58	54	32	7	49	62	4	47	63	19	20	10	9
64	28	6	17	56	37	9	10	20	52	31	-1	12	11	49	8	30	59	54	-1	19	1	40	45	4	-1	2	55	50	7	27	14	47	62	51	5	48	34	15	58	35	32	44	26	-1	29	42	63	13	46	61	25	33	18	43	36	24	39	38	3	22	21	16	41
3	58	24	55	33	48	41	23	30	34	2	37	62	46	9	19	26	27	-1	17	18	11	53	-1	28	13	43	20	-1	38	39	44	21	10	59	42	52	12	8	14	54	-1	36	4	7	22	25	50	64	47	56	6	29	63	35	51	1	61	5	31	49	45	40	60
60	21	52	53	-1	13	32	38	41	51	1	4	-1	7	16	54	62	39	33	35	47	58	24	3	30	10	6	-1	-1	18	34	11	20	43	64	-1	61	26	57	63	8	59	5	56	23	9	40	46	50	48	2	31	28	27	22	19	14	15	37	44	25	12	-1	42
48	62	40	-1	53	54	12	11	-1	-1	52	39	5	20	3	45	8	24	44	9	-1	17	30	59	50	37	-1	36	19	61	2	6	35	64	27	13	63	14	34	33	-1	60	51	57	-1	1	4	25	-1	26	46	38	49	28	42	18	32	55	21	23	56	58	41	15
18	-1	8	44	-1	42	22	13	55	31	57	-1	35	29	64	37	48	11	23	38	40	61	63	-1	34	56	51	59	1	52	53	-1	-1	-1	47	12	5	17	10	4	50	24	15	9	-1	32	7	36	25	14	58	39	45	16	19	2	30	62	26	6	33	-1	54	20
33	60	64	47	63	14	38	32	44	1	11	58	54	56	22	30	29	20	31	3	2	25	62	36	23	46	4	49	-1	55	41	21	18	51	15	19	53	-1	48	40	-1	8	6	28	16	59	39	13	-1	12	52	-1	27	17	-1	7	42	43	45	37	61	50	-1	57
39	56	17	34	59	55	-1	35	23	-1	63	60	43	9	41	10	49	46	13	51	1	26	21	33	58	18	16	-1	29	42	8	48	30	31	2	37	20	32	50	28	52	40	12	64	45	61	54	62	5	6	11	57	3	15	47	44	22	36	4	-1	53	7	25	38
52	49	25	57	15	58	-1	7	62	12	33	-1	51	6	26	14	54	41	53	34	50	45	64	4	17	39	31	10	60	30	47	9	16	8	1	29	22	42	55	11	27	46	2	20	21	35	38	56	23	24	36	37	59	13	40	32	44	18	3	19	5	63	48	-1
51	1	-1	37	46	61	28	45	32	24	8	48	17	25	13	4	55	18	-1	56	7	-1	12	27	-1	43	35	33	57	40	44	38	59	58	26	36	6	9	39	21	22	23	3	42	34	5	49	53	30	50	-1	41	63	60	62	20	47	16	64	11	52	14	29	-1
24	20	21	30	16	29	50	-1	49	18	38	28	40	53	2	36	5	-1	6	57	42	39	58	60	25	64	32	12	11	15	26	22	62	52	3	23	56	41	7	45	48	-1	63	47	10	14	55	17	9	-1	33	51	-1	54	61	43	-1	13	34	35	46	1	31	59
4	23	5	-1	31	6	36	26	7	46	15	59	34	-1	42	-1	16	14	35	32	22	52	10	-1	-1	63	3	28	13	24	62	-1	61	44	25	57	43	49	54	38	58	30	18	-1	41	33	11	19	1	64	55	-1	21	56	48	53	51	12	60	39	2	8	17	-1
14	2	28	5	36	9	7	39	1	30	25	13	41	12	32	60	33	52	51	4	8	34	19	48	6	59	58	16	56	-1	31	42	45	26	46	40	23	57	43	17	24	-1	38	62	61	55	3	15	63	44	37	50	53	29	27	10	11	35	22	18	54	47	49	21
56	52	19	42	17	43	-1	48	-1	50	6	54	44	24	7	58	2	13	41	36	-1	55	20	9	12	45	27	63	3	-1	10	4	-1	15	30	11	38	29	21	-1	33	22	39	-1	59	51	35	57	16	23	25	34	26	47	1	62	46	64	8	32	31	60	14	61
20	57	-1	6	54	16	58	-1	47	-1	10	49	38	8	52	46	44	45	64	-1	23	21	17	22	32	51	34	13	-1	62	-1	36	55	3	39	50	19	25	-1	12	2	7	53	27	9	11	29	4	48	35	14	24	61	42	30	31	63	41	59	-1	40	37	15	33
41	46	51	45	64	15	59	44	34	57	3	5	42	22	14	61	37	38	1	25	30	27	32	53	-1	29	11	7	40	17	50	39	48	36	35	16	18	-1	62	20	6	10	47	31	63	19	13	23	12	54	60	33	52	9	21	56	4	-1	58	55	24	-1	28	-1
25	30	60	35	4	49	10	55	51	62	17	26	48	40	-1	63	59	-1	56	47	5	12	46	31	1	2	19	15	61	57	23	53	54	32	-1	9	-1	64	41	-1	-1	36	50	45	58	34	14	-1	28	13	8	22	18	11	38	3	52	7	20	16	42	39	44	6
37	-1	32	61	21	27	24	62	18	35	20	33	-1	39	4	31	3	29	50	54	28	-1	16	58	22	41	55	64	8	14	25	60	13	7	44	63	47	1	-1	49	12	48	30	5	-1	40	52	26	46	15	19	2	43	36	59	6	57	17	23	51	38	9	-1	-1
47	26	53	3	50	38	33	34	15	55	59	16	-1	-1	28	64	18	-1	39	60	24	62	11	40	21	52	46	44	35	48	9	37	14	61	6	-1	31	58	-1	2	17	43	25	41	8	-1	1	54	57	32	5	49	7	51	-1	4	29	10	27	13	30	19	12	45
63	12	-1	29	23	31	8	22	-1	37	19	2	9	43	11	21	57	15	14	7	35	6	61	42	18	26	54	47	30	33	38	24	-1	34	52	53	51	-1	4	10	32	28	49	16	60	44	46	20	58	45	41	17	40	55	64	39	25	1	48	56	-1	36	3	62
28	42	31	50	52	44	3	16	24	-1	58	-1	49	57	-1	32	38	62	11	45	14	36	6	55	43	61	40	39	22	25	64	33	26	41	34	56	17	7	37	8	20	4	9	19	-1	27	10	21	29	2	63	60	15	23	5	46	12	54	18	1	48	35	30	47
11	45	35	27	55	-1	5	12	37	33	-1	10	63	-1	61	3	1	21	7	39	16	9	60	43	53	58	42	56	15	51	28	50	6	59	36	62	25	-1	2	13	31	-1	64	48	17	49	18	14	44	22	57	40	24	26	4	30	-1	29	41	8	32	34	20	46
21	13	38	15	-1	-1	30	33	19	6	9	46	22	35	1	48	40	61	47	64	37	56	42	63	8	12	29	2	7	16	-1	41	4	14	20	52	49	50	27	55	5	58	-1	59	26	57	23	43	-1	39	62	18	51	34	31	45	36	24	28	25	3	10	11	44
32	41	10	2	-1	25	14	-1	43	4	27	31	30	64	20	40	15	23	34	29	13	22	48	17	62	3	38	11	46	47	57	63	33	21	45	18	58	54	51	5	61	35	60	24	39	28	12	44	8	16	50	56	36	1	37	9	26	-1	49	53	-1	6	7	52
22	-1	26	39	9	57	61	8	-1	11	12	52	15	18	-1	25	51	31	3	2	4	41	44	30	19	23	49	1	21	54	36	34	-1	40	48	10	16	35	53	-1	37	62	33	38	50	46	-1	29	32	20	-1	7	42	6	28	13	17	60	63	27	59	56	58	14
54	64	-1	58	-1	23	4	36	39	8	16	44	2	47	34	50	53	26	19	20	-1	32	18	49	5	14	13	52	45	10	-1	30	12	28	-1	46	42	60	29	31	51	63	7	11	25	15	6	40	27	3	59	48	17	35	41	55	-1	9	61	38	21	62	43	22
-1	53	48	62	49	40	34	63	13	17	41	-1	26	60	45	29	24	12	52	5	46	54	28	8	9	6	18	27	20	59	37	-1	1	47	32	61	44	11	19	30	55	56	22	-1	3	-1	2	16	33	43	10	21	25	38	58	64	50	51	15	4	-1	31	39	23
29	6	37	51	18	24	46	20	21	36	56	7	28	42	62	38	35	10	27	50	58	59	57	-1	31	17	44	48	55	4	-1	26	63	22	-1	15	39	23	3	43	41	34	8	30	1	47	-1	-1	61	49	54	52	14	19	12	11	5	40	16	2	45	33	-1	13
35	40	3	-1	39	34	64	50	29	54	13	22	60	52	-1	24	28	6	38	55	9	43	33	23	27	49	36	21	-1	-1	12	47	15	5	61	48	59	62	63	42	19	37	56	17	53	45	44	2	7	58	20	16	32	41	46	26	31	30	25	14	51	57	1	8
-1	36	33	54	13	-1	37	53	25	41	42	43	16	14	-1	34	7	2	24	44	52	5	31	19	51	55	62	38	4	63	48	32	11	18	21	64	10	56	6	39	3	26	46	-1	22	23	9	30	47	59	-1	27	57	61	45	-1	15	28	17	50	20	-1	60	58
19	29	42	46	20	52	48	-1	63	64	28	11	50	62	-1	2	22	36	40	-1	61	-1	27	14	39	16	17	26	6	56	18	23	8	12	53	7	60	33	58	35	1	5	-1	51	24	31	32	59	43	30	49	44	13	25	54	21	34	47	55	9	10	38	45	3
26	25	15	31	28	63	55	-1	48	3	-1	1	21	23	33	-1	-1	49	4	16	62	42	34	56	13	40	9	5	37	29	46	52	32	57	-1	45	41	30	44	22	36	-1	61	14	20	8	47	38	11	17	18	-1	2	24	-1	60	53	19	12	43	-1	59	6	-1
61	38	16	41	47	8	-1	14	36	40	44	30	46	15	17	20	60	35	37	12	-1	53	59	51	2	-1	45	34	58	-1	42	64	25	27	13	24	26	55	9	50	43	57	11	10	54	52	21	33	31	63	23	3	1	5	56	28	48	22	39	49	29	18	62	4
30	9	27	22	62	45	49	21	56	39	51	-1	55	31	-1	53	46	-1	-1	11	10	29	1	57	35	15	25	24	41	43	3	59	19	38	28	2	36	20	17	16	13	12	48	58	18	60	-1	-1	14	-1	4	8	64	40	6	-1	23	33	44	42	37	61	5	26
43	59	11	18	24	32	60	58	38	-1	5	45	4	19	57	49	17	30	26	8	3	48	47	39	44	54	20	61	31	50	-1	28	23	37	14	51	29	-1	1	34	40	25	27	6	64	16	63	42	15	9	53	36	62	33	55	12	13	2	56	-1	41	46	21	35
10	5	44	7	2	56	23	17	-1	9	26	12	27	58	6	-1	20	25	18	21	45	50	13	64	60	33	1	8	14	53	30	57	40	49	43	47	4	31	46	3	15	29	55	35	28	41	62	34	38	37	39	42	19	22	51	48	16	52	36	54	63	-1	-1	11
-1	4	12	38	30	41	19	28	45	-1	40	57	25	34	39	23	63	1	-1	42	11	37	54	44	26	21	60	6	16	32	-1	17	58	56	10	27	55	-1	36	52	59	20	24	33	2	53	43	3	62	18	51	-1	48	46	49	15	9	31	7	61	14	29	-1	64
49	-1	22	20	3	2	29	42	31	44	14	47	6	27	53	52	13	-1	21	58	25	28	23	-1	11	30	61	9	12	46	33	62	51	39	17	35	37	43	59	1	4	45	-1	32	40	48	56	55	36	7	64	5	60	57	24	54	18	63	10	41	8	15	38	16
53	-1	-1	24	-1	33	44	31	50	-1	18	41	7	61	46	42	-1	40	45	10	59	3	5	-1	56	38	14	58	63	23	1	19	9	54	29	34	62	15	64	48	60	49	13	25	6	17	-1	8	4	27	22	32	30	43	2	-1	35	37	52	36	28	11	57	12
36	8	14	-1	37	46	17	9	-1	-1	43	62	24	28	58	55	41	34	16	18	-1	7	52	32	-1	4	39	-1	54	31	29	3	44	45	-1	33	40	61	5	25	-1	-1	23	22	12	-1	-1	64	20	42	6	26	35	59	53	63	49	27	2	48	47	30	51	1
27	34	59	40	61	62	57	15	-1	29	48	20	56	4	63	5	47	33	-1	22	31	2	-1	-1	64	44	52	18	24	13	51	10	49	16	7	3	8	28	23	60	11	41	-1	54	36	37	30	58	21	38	1	9	39	50	17	25	55	45	6	46	26	32	53	19
6	7	58	60	11	51	25	64	35	-1	54	9	1	3	-1	-1	36	53	55	27	17	49	29	24	57	20	37	42	48	45	5	43	41	30	12	31	-1	-1	32	47	46	50	28	52	15	62	16	-1	19	33	13	61	56	-1	14	23	59	34	40	21	44	4	22	39
16	32	-1	63	43	10	45	52	17	49	-1	8	64	51	-1	33	4	-1	62	-1	6	57	15	38	59	22	53	25	27	-1	7	2	42	11	50	20	46	21	14	18	44	47	35	1	19	26	31	-1	55	40	29	28	-1	12	3	37	54	58	13	60	23	5	56	24
13	54	23	48	35	21	18	1	2	-1	32	19	59	37	15	16	-1	64	46	-1	12	51	56	50	41	36	8	40	47	28	49	55	22	-1	4	26	57	6	38	53	-1	14	29	7	5	63	61	27	45	10	-1	11	31	52	34	58	3	-1	62	17	43	42	33	25
45	48	18	8	58	20	54	-1	14	5	21	23	57	59	36	13	50	16	49	46	27	4	-1	61	33	19	30	35	64	44	15	51	34	2	31	6	7	3	26	32	42	11	1	29	56	25	17	52	41	60	43	55	10	53	63	22	40	38	9	12	62	28	47	37
2	35	9	-1	57	53	16	40	6	45	34	15	52	44	56	39	10	-1	22	19	64	47	26	11	46	25	12	60	-1	27	58	61	-1	13	38	-1	-1	51	24	29	7	31	-1	23	32	54	20	28	49	1	48	62	-1	37	18	33	41	8	42	59	4	3	63	5
62	55	49	26	32	19	63	60	10	16	46	64	58	30	27	1	12	3	36	-1	48	24	43	2	42	50	28	54	18	37	21	31	52	-1	40	8	9	4	20	41	47	61	57	53	38	39	5	22	59	-1	7	14	34	44	29	35	56	25	33	45	6	51	13	17
44	51	29	-1	6	7	13	46	8	28	55	50	20	38	54	11	25	57	30	53	21	-1	45	41	24	9	47	32	-1	1	56	40	60	-1	37	14	35	5	12	59	34	33	-1	63	-1	10	15	48	-1	19	27	-1	58	64	36	17	39	49	43	22	18	26	61	31
23	10	41	12	25	64	-1	-1	9	61	62	24	47	26	43	51	32	17	42	52	38	18	37	1	29	34	5	22	59	39	11	8	56	48	63	28	-1	44	33	46	14	27	-1	2	55	4	19	49	-1	31	21	13	6	30	16	57	7	53	50	20	60	54	35	36
1	17	4	-1	34	28	42	-1	33	-1	49	-1	18	63	35	22	31	56	5	13	44	8	51	7	45	48	41	53	52	-1	14	20	27	19	58	39	64	47	-1	62	30	6	59	60	37	50	36	12	54	61	-1	23	46	2	26	38	10	57	11	15	16	55	-1	29
-1	37	30	11	5	39	31	27	4	7	53	42	3	2	-1	41	14	60	28	59	29	33	9	54	10	62	63	17	-1	6	13	16	-1	55	49	1	15	22	61	57	64	-1	43	40	-1	24	-1	35	56	25	32	12	20	45	8	-1	21	48	46	52	58	-1	23	34
38	33	61	59	22	36	47	56	60	25	29	-1	37	48	31	12	6	58	20	63	34	40	35	62	55	57	26	23	43	49	4	7	50	53	16	-1	-1	10	18	54	9	3	41	46	44	13	8	45	42	51	-1	-1	5	39	-1	24	64	14	19	30	-1	2	-1	32
57	15	46	36	27	18	-1	41	-1	63	-1	6	53	-1	38	17	42	51	-1	-1	39	-1	4	-1	52	28	48	3	34	35	45	58	43	20	62	59	12	19	22	26	25	13	40	8	47	21	-1	11	60	56	30	-1	55	31	-1	5	61	44	24	29	9	-1	2	50
58	24	20	19	10	60	26	6	46	15	4	34	39	32	-1	57	27	8	59	62	54	63	41	52	61	5	50	-1	44	2	40	56	29	25	11	38	28	18	13	9	16	53	17	55	35	7	22	1	37	36	3	43	47	49	23	14	45	21	31	33	12	64	42	48
55	61	7	-1	45	12	39	4	52	14	37	3	8	1	5	62	-1	9	32	33	36	31	49	-1	63	27	21	29	53	26	20	15	10	6	23	60	34	-1	16	56	57	54	19	50	30	43	48	24	2	41	17	64	44	58	25	42	38	59	35	-1	13	-1	18	51
34	14	47	64	40	5	52	37	54	23	61	27	19	55	48	-1	21	44	2	43	53	60	-1	-1	38	42	-1	31	33	22	17	49	57	63	8	58	3	39	-1	15	45	51	32	12	46	18	28	41	6	29	24	59	9	62	11	50	20	-1	1	26	-1	16	4	7
9	16	43	23	38	30	21	49	-1	2	60	56	31	33	44	18	-1	50	17	40	15	20	3	29	36	47	24	-1	25	8	6	-1	53	4	5	54	32	46	35	7	63	42	-1	39	52	64	59	61	51	-1	26	19	22	48	13	1	58	11	14	62	34	27	-1	55
17	31	62	13	8	3	51	2	59	26	24	29	10	-1	-1	43	19	47	58	-1	56	35	-1	34	7	11	57	4	39	60	16	54	37	50	-1	-1	1	48	-1	64	23	9	-1	44	49	36	-1	5	18	21	45	53	38	20	33	61	28	32	30	40	15	25	46	-1
42	22	54	33	44	35	56	29	40	58	30	25	11	16	50	47	23	7	48	1	26	64	38	18	14	-1	59	-1	-1	9	55	13	31	17	24	49	21	36	45	61	-1	2	20	34	4	-1	37	60	52	28	12	63	8	10	15	27	6	-1	53	-1	39	41	19	43
59	63	-1	32	48	11	-1	25	42	20	22	36	13	45	21	9	61	28	12	24	57	30	55	5	37	1	23	-1	62	64	19	18	2	33	41	44	14	27	47	51	56	38	26	15	29	6	-1	31	35	4	34	46	16	7	39	40	60	3	54	10	17	52	-1	49
