8
1
-1	-1	-1	-1	6	2	-1	-1	23	-1	-1	-1	11	36	58	52	29	-1	-1	45	-1	-1	-1	-1	20	33	-1	9	-1	-1	-1	-1	-1	-1	4	47	-1	-1	-1	48	-1	27	55	38	57	-1	-1	25	14	-1	35	-1	41	-1	30	-1	44	-1	46	61	-1	-1	24	-1
-1	-1	7	-1	25	-1	16	50	-1	63	27	53	55	47	-1	-1	-1	23	-1	-1	-1	-1	-1	-1	-1	-1	-1	-1	-1	-1	8	41	43	-1	-1	-1	-1	-1	46	24	-1	31	29	-1	-1	-1	54	2	11	18	-1	-1	-1	52	-1	64	42	-1	-1	45	40	-1	-1	3
-1	-1	18	-1	56	-1	52	-1	30	45	16	44	41	46	35	-1	-1	-1	50	-1	24	42	-1	-1	-1	-1	54	4	-1	-1	-1	51	2	-1	-1	13	-1	49	-1	15	-1	-1	-1	-1	-1	53	-1	6	-1	20	25	17	-1	-1	-1	21	-1	37	-1	60	-1	-1	-1	-1
-1	5	22	-1	63	-1	-1	-1	-1	-1	39	26	-1	-1	18	15	64	16	-1	-1	58	-1	-1	-1	-1	40	32	37	11	-1	47	61	-1	-1	25	31	-1	-1	-1	53	-1	-1	-1	-1	-1	-1	46	-1	-1	48	-1	-1	6	-1	-1	-1	20	27	-1	-1	-1	-1	-1	13
40	17	-1	-1	-1	-1	-1	24	-1	-1	20	-1	-1	31	3	-1	-1	22	15	-1	-1	-1	-1	-1	35	-1	46	-1	45	-1	42	-1	-1	7	-1	-1	-1	-1	16	-1	-1	12	-1	-1	48	-1	-1	-1	-1	-1	34	-1	-1	13	44	36	-1	-1	-1	-1	11	-1	-1	25
-1	37	-1	-1	-1	44	-1	35	54	14	42	-1	4	-1	-1	7	18	3	9	2	6	-1	-1	-1	26	-1	-1	-1	43	16	-1	-1	58	21	-1	51	8	33	41	45	-1	-1	-1	-1	1	19	52	-1	-1	61	-1	-1	-1	-1	-1	40	28	-1	-1	39	-1	62	-1	-1
-1	13	29	53	-1	42	-1	-1	33	-1	-1	-1	25	-1	-1	-1	-1	-1	-1	41	-1	-1	-1	-1	-1	-1	-1	24	-1	52	-1	-1	54	17	-1	-1	6	-1	34	-1	-1	36	-1	26	45	61	14	28	-1	8	58	-1	31	-1	7	-1	32	-1	38	-1	-1	18	-1	15
-1	-1	-1	-1	-1	-1	-1	-1	-1	-1	-1	-1	-1	64	-1	51	33	35	-1	7	-1	-1	21	11	13	-1	-1	36	-1	5	-1	-1	-1	-1	62	-1	-1	23	56	-1	-1	-1	-1	44	-1	-1	-1	-1	4	-1	-1	2	-1	9	-1	-1	-1	-1	-1	-1	41	-1	63	-1
8	-1	-1	-1	64	-1	20	-1	58	-1	-1	47	3	-1	-1	-1	-1	-1	-1	-1	2	6	7	27	1	-1	-1	-1	10	-1	-1	-1	-1	-1	30	-1	-1	39	-1	-1	-1	44	48	-1	-1	28	31	23	-1	9	-1	-1	-1	-1	-1	18	-1	-1	34	-1	52	-1	32	-1
35	-1	-1	-1	38	-1	-1	-1	-1	16	62	33	60	-1	64	21	-1	-1	43	-1	36	-1	15	22	63	49	-1	-1	-1	-1	2	-1	10	-1	-1	-1	20	40	26	-1	-1	-1	-1	19	-1	-1	-1	8	-1	-1	13	-1	-1	23	-1	-1	-1	17	27	-1	-1	-1	12	39
42	33	-1	46	-1	-1	34	63	-1	-1	-1	-1	40	15	-1	-1	37	49	-1	48	-1	-1	20	18	-1	-1	-1	53	47	-1	-1	-1	-1	35	-1	32	-1	-1	-1	59	-1	-1	7	-1	-1	-1	-1	39	-1	54	-1	50	-1	25	-1	-1	24	-1	-1	57	-1	-1	-1	8
-1	39	-1	-1	3	-1	-1	28	-1	57	54	-1	-1	-1	45	1	-1	-1	33	25	-1	-1	41	-1	-1	46	8	40	-1	29	-1	11	47	-1	-1	-1	-1	-1	-1	-1	-1	-1	-1	-1	-1	-1	-1	-1	-1	-1	63	43	-1	2	-1	58	-1	-1	-1	-1	19	-1	20	-1
41	-1	-1	-1	27	-1	-1	29	-1	-1	46	-1	-1	-1	5	19	62	56	3	-1	-1	-1	-1	-1	7	12	24	32	37	45	-1	39	-1	-1	-1	18	43	31	-1	44	-1	-1	11	-1	-1	63	6	-1	1	57	-1	-1	-1	55	-1	60	-1	-1	40	48	-1	-1	-1	-1
15	-1	55	-1	18	37	-1	-1	-1	-1	-1	-1	-1	35	39	-1	-1	-1	11	32	-1	-1	-1	58	6	-1	-1	3	-1	-1	62	-1	-1	49	-1	-1	-1	28	-1	-1	46	-1	-1	52	12	20	-1	-1	-1	36	-1	-1	7	-1	31	47	-1	-1	-1	44	42	-1	-1	1
-1	-1	-1	-1	49	-1	-1	12	-1	-1	17	43	-1	-1	-1	44	5	60	-1	-1	-1	-1	34	16	-1	-1	19	-1	21	33	36	26	15	-1	-1	25	-1	-1	50	-1	18	-1	-1	-1	2	14	-1	47	-1	-1	-1	10	30	-1	-1	59	22	58	45	-1	46	-1	35	-1
-1	16	26	59	-1	-1	-1	-1	8	-1	10	36	-1	27	-1	-1	63	-1	-1	-1	-1	-1	-1	-1	25	-1	-1	5	54	-1	-1	-1	-1	-1	-1	19	-1	12	-1	-1	-1	-1	51	9	-1	-1	53	62	-1	42	21	-1	15	45	20	-1	4	43	-1	7	-1	-1	30	-1
49	47	-1	48	52	-1	-1	20	60	38	23	-1	28	-1	44	-1	-1	7	29	34	51	22	-1	-1	-1	-1	-1	59	64	-1	-1	5	19	-1	-1	14	-1	-1	10	16	-1	-1	58	-1	-1	-1	-1	45	18	-1	-1	54	-1	-1	8	-1	-1	13	-1	-1	-1	-1	50	43
-1	3	-1	-1	-1	-1	-1	2	-1	54	-1	-1	-1	-1	-1	-1	-1	-1	13	-1	39	26	6	-1	41	-1	15	18	1	-1	22	36	-1	-1	-1	30	47	56	45	25	-1	-1	27	17	44	40	-1	31	-1	23	-1	-1	-1	-1	-1	55	16	-1	-1	19	-1	-1	-1	-1
-1	30	-1	56	-1	-1	39	64	49	55	45	32	-1	42	21	33	16	-1	-1	-1	-1	31	-1	-1	-1	-1	53	-1	-1	-1	54	-1	-1	-1	-1	62	-1	5	15	17	19	22	25	35	14	-1	-1	-1	-1	2	-1	58	-1	-1	-1	-1	-1	-1	-1	-1	-1	-1	8	7
18	-1	45	-1	29	-1	25	16	59	30	-1	19	-1	10	34	-1	44	-1	-1	-1	-1	-1	-1	-1	17	37	-1	-1	12	-1	-1	-1	36	13	-1	-1	4	-1	8	-1	38	-1	-1	-1	11	23	-1	26	-1	27	28	35	21	64	42	-1	-1	-1	48	56	62	33	61	-1
5	-1	-1	-1	33	-1	42	-1	-1	-1	24	-1	-1	-1	26	53	-1	36	-1	62	60	-1	-1	64	19	35	4	-1	7	30	-1	58	-1	51	-1	-1	28	-1	40	-1	59	-1	10	-1	-1	8	32	1	-1	13	-1	-1	43	-1	-1	-1	-1	23	44	-1	17	-1	-1	12
-1	60	59	38	-1	15	-1	-1	41	11	-1	-1	1	-1	-1	-1	35	-1	58	-1	-1	-1	-1	23	62	8	-1	45	13	-1	-1	-1	-1	-1	32	21	26	64	-1	-1	28	-1	57	48	-1	-1	-1	-1	6	12	19	-1	-1	33	-1	-1	-1	-1	-1	47	-1	53	3	-1
13	19	58	32	-1	-1	17	27	18	-1	-1	-1	-1	-1	-1	-1	-1	12	-1	15	-1	-1	25	-1	-1	-1	11	-1	51	6	-1	-1	-1	43	33	-1	24	54	-1	49	21	50	62	-1	64	-1	-1	53	-1	3	-1	38	47	-1	-1	-1	-1	-1	-1	-1	-1	-1	-1	-1
-1	-1	-1	-1	-1	8	12	-1	-1	64	-1	16	-1	-1	37	61	21	17	10	19	30	-1	24	-1	3	44	-1	-1	-1	-1	-1	43	31	-1	-1	-1	1	-1	-1	57	-1	20	-1	-1	-1	-1	-1	49	25	34	-1	-1	59	-1	50	29	-1	-1	-1	-1	-1	46	-1	4
-1	-1	-1	40	-1	-1	-1	-1	27	-1	14	50	-1	-1	-1	58	-1	4	-1	49	18	19	44	39	-1	-1	-1	15	34	-1	-1	6	41	38	26	63	-1	35	5	-1	-1	-1	-1	13	-1	3	-1	-1	53	-1	-1	-1	-1	-1	-1	25	-1	46	-1	59	-1	-1	45	42
-1	62	-1	52	-1	-1	-1	54	-1	-1	-1	9	51	22	-1	56	11	-1	-1	-1	33	-1	16	-1	-1	53	42	47	-1	-1	25	13	-1	19	2	-1	15	-1	-1	50	-1	7	-1	43	-1	1	-1	-1	-1	21	44	28	-1	38	58	-1	-1	40	-1	-1	3	-1	18	-1
-1	48	15	-1	-1	-1	-1	-1	-1	25	-1	-1	-1	13	-1	-1	-1	-1	-1	-1	9	-1	-1	8	18	-1	38	30	-1	-1	43	-1	-1	53	-1	6	-1	-1	-1	3	-1	-1	22	47	-1	54	59	-1	-1	17	-1	42	-1	62	-1	-1	-1	-1	51	-1	-1	-1	-1	23
-1	55	4	33	-1	-1	-1	45	-1	53	28	37	-1	6	-1	20	-1	-1	60	-1	29	15	-1	59	51	-1	-1	52	-1	-1	-1	-1	25	-1	43	46	40	-1	32	-1	57	-1	-1	64	-1	12	-1	38	-1	-1	-1	1	16	-1	13	-1	19	-1	49	-1	-1	48	-1	-1
-1	64	-1	60	-1	-1	21	38	-1	-1	-1	-1	-1	-1	-1	-1	-1	-1	-1	-1	-1	-1	-1	-1	-1	-1	56	-1	-1	35	-1	3	59	-1	-1	8	-1	44	-1	33	-1	-1	-1	-1	-1	-1	42	-1	-1	-1	-1	-1	-1	7	-1	-1	-1	15	-1	9	-1	22	-1	-1
-1	-1	-1	-1	-1	-1	-1	53	3	-1	-1	1	-1	-1	-1	31	38	-1	62	-1	-1	37	17	-1	-1	-1	-1	16	61	54	55	-1	-1	-1	-1	42	-1	4	48	-1	-1	-1	-1	-1	-1	52	34	-1	-1	-1	-1	-1	51	-1	10	33	8	57	30	29	-1	47	-1	-1
16	-1	-1	-1	19	-1	5	-1	-1	-1	-1	17	-1	-1	-1	59	-1	-1	-1	-1	-1	-1	46	6	23	-1	9	-1	-1	-1	27	-1	1	-1	-1	-1	-1	-1	-1	47	-1	-1	-1	40	55	-1	-1	-1	-1	14	-1	48	-1	-1	-1	-1	-1	-1	-1	-1	38	41	31	-1
-1	-1	-1	-1	41	-1	26	-1	-1	-1	-1	54	-1	57	-1	35	23	-1	-1	13	-1	-1	-1	-1	39	-1	-1	-1	36	-1	-1	-1	-1	30	28	-1	-1	-1	-1	-1	-1	16	-1	-1	19	-1	-1	10	37	5	-1	18	32	-1	-1	-1	25	53	-1	20	50	6	-1	-1
-1	-1	-1	-1	-1	-1	-1	-1	-1	12	44	64	45	17	-1	-1	-1	46	40	-1	21	-1	-1	-1	-1	-1	-1	-1	-1	-1	-1	-1	-1	-1	7	52	-1	58	-1	32	48	-1	-1	-1	3	-1	-1	13	-1	-1	-1	-1	-1	49	43	42	29	28	-1	-1	-1	-1	-1	-1
21	-1	-1	-1	-1	-1	45	-1	1	5	-1	42	49	38	-1	27	19	-1	-1	-1	11	29	13	57	-1	-1	52	-1	-1	-1	-1	34	-1	-1	-1	-1	46	17	-1	-1	30	-1	-1	8	-1	-1	-1	-1	2	-1	-1	-1	-1	-1	32	50	-1	-1	41	54	-1	3	-1	-1
-1	-1	11	-1	-1	-1	-1	5	9	-1	-1	-1	47	37	56	-1	-1	-1	53	-1	-1	-1	-1	10	-1	-1	6	-1	-1	19	-1	12	64	-1	-1	-1	-1	-1	24	54	-1	-1	20	-1	31	-1	61	14	-1	-1	39	36	-1	60	-1	13	-1	-1	-1	-1	44	-1	26	62
-1	-1	-1	17	48	-1	33	-1	-1	-1	63	-1	-1	21	50	-1	-1	-1	-1	-1	-1	-1	38	-1	-1	-1	23	55	39	46	57	-1	35	-1	29	-1	45	34	30	-1	37	-1	-1	-1	-1	27	19	-1	-1	-1	40	-1	28	1	-1	54	-1	60	5	-1	4	-1	-1	-1
55	40	-1	-1	-1	57	19	-1	22	59	-1	-1	-1	-1	20	-1	-1	-1	-1	18	-1	-1	-1	24	50	61	-1	54	27	-1	-1	35	-1	-1	39	43	5	25	-1	12	9	17	47	36	-1	26	44	4	56	-1	-1	29	-1	-1	33	-1	21	1	7	6	-1	-1	-1	-1
-1	-1	64	-1	-1	-1	-1	-1	-1	-1	-1	-1	-1	14	-1	-1	-1	-1	39	-1	-1	60	-1	-1	-1	1	49	-1	-1	-1	-1	-1	40	23	6	44	-1	-1	-1	-1	16	-1	-1	-1	-1	-1	-1	-1	41	-1	20	26	-1	5	-1	-1	-1	-1	-1	58	-1	-1	-1	-1
1	56	-1	-1	-1	12	-1	14	-1	24	-1	-1	61	-1	-1	-1	25	47	-1	33	-1	52	-1	17	-1	36	-1	-1	8	-1	-1	-1	-1	18	20	-1	31	41	-1	62	58	59	46	57	54	-1	-1	64	21	-1	-1	7	-1	-1	16	27	-1	-1	-1	-1	-1	13	-1	-1
-1	-1	-1	16	-1	25	-1	-1	62	-1	-1	-1	-1	-1	36	-1	28	1	6	-1	55	-1	-1	-1	33	-1	63	-1	-1	42	5	-1	-1	-1	15	-1	13	8	-1	21	39	45	-1	-1	-1	-1	51	-1	47	-1	-1	-1	-1	-1	-1	-1	23	50	-1	37	49	24	-1	-1
19	-1	46	-1	-1	-1	31	-1	-1	-1	-1	3	-1	-1	-1	24	50	8	-1	53	-1	-1	-1	2	-1	22	-1	-1	-1	-1	-1	-1	-1	-1	-1	-1	62	-1	-1	39	25	-1	-1	16	-1	55	47	15	10	-1	41	-1	-1	-1	-1	-1	38	-1	23	-1	20	-1	-1	-1
-1	29	-1	-1	-1	-1	-1	48	-1	-1	-1	-1	2	-1	-1	-1	-1	20	-1	-1	47	-1	-1	-1	-1	52	-1	-1	58	-1	24	-1	-1	-1	-1	-1	-1	14	-1	5	-1	-1	-1	-1	-1	22	-1	-1	62	-1	-1	61	36	54	-1	-1	-1	-1	-1	-1	37	-1	-1	16
44	-1	-1	24	-1	-1	-1	61	4	-1	-1	5	-1	-1	-1	-1	60	52	-1	-1	64	-1	-1	63	-1	-1	57	14	-1	43	33	-1	-1	-1	-1	10	-1	7	-1	-1	50	-1	-1	-1	46	-1	-1	17	-1	-1	16	40	23	-1	-1	48	9	11	-1	-1	39	-1	-1	-1
-1	59	25	-1	21	17	-1	-1	-1	-1	-1	7	10	-1	40	63	61	37	34	58	15	-1	-1	19	-1	13	36	-1	-1	1	-1	-1	42	54	45	16	9	46	-1	-1	14	57	39	23	-1	-1	-1	-1	12	-1	29	-1	-1	50	-1	-1	48	-1	-1	-1	47	52	64	-1
-1	-1	-1	-1	22	-1	-1	23	64	-1	32	13	48	-1	-1	42	-1	51	-1	59	5	16	-1	-1	21	-1	-1	27	50	-1	11	-1	-1	37	18	-1	61	-1	49	-1	-1	-1	6	60	-1	-1	43	-1	24	-1	-1	-1	63	20	57	-1	-1	-1	-1	17	29	-1	-1	-1
64	34	-1	28	-1	-1	15	-1	-1	-1	-1	-1	20	23	-1	-1	-1	27	41	12	-1	-1	-1	9	-1	-1	-1	-1	6	-1	-1	-1	-1	-1	60	2	29	36	51	22	44	48	-1	-1	63	45	-1	11	3	58	-1	-1	18	-1	-1	26	57	-1	-1	-1	43	21	-1	-1
45	-1	-1	-1	-1	63	-1	-1	-1	60	-1	-1	-1	-1	-1	-1	-1	32	7	35	-1	25	62	-1	-1	-1	-1	-1	-1	-1	-1	-1	-1	-1	-1	4	-1	43	-1	28	20	51	-1	-1	-1	-1	13	42	19	-1	17	22	-1	34	64	-1	-1	18	-1	-1	27	54	36	24
-1	-1	41	-1	10	-1	27	32	6	-1	38	-1	17	-1	-1	36	-1	-1	-1	-1	-1	48	43	-1	42	51	-1	62	53	-1	-1	-1	-1	-1	19	-1	25	-1	-1	-1	-1	54	-1	29	-1	-1	58	-1	-1	56	-1	-1	-1	-1	-1	49	46	61	50	-1	63	34	-1	40
-1	35	36	21	39	6	-1	-1	-1	-1	-1	-1	5	-1	-1	-1	-1	64	12	-1	7	41	-1	46	-1	-1	-1	-1	-1	44	-1	-1	50	-1	-1	57	-1	-1	33	40	-1	-1	-1	-1	-1	-1	-1	48	43	16	-1	-1	-1	-1	-1	22	-1	-1	-1	-1	14	-1	23	32
46	4	-1	-1	-1	29	-1	57	-1	-1	-1	-1	18	41	-1	-1	-1	-1	-1	38	62	-1	-1	-1	-1	20	-1	11	-1	-1	-1	-1	44	-1	-1	12	60	24	-1	36	-1	-1	49	45	42	-1	-1	59	-1	26	-1	-1	2	21	35	-1	-1	-1	63	28	48	51	-1	-1
2	43	-1	-1	47	-1	56	-1	48	-1	-1	-1	-1	52	-1	-1	32	-1	-1	37	40	-1	8	-1	30	-1	-1	-1	-1	-1	-1	-1	46	58	51	-1	-1	-1	-1	-1	53	-1	-1	-1	-1	16	-1	3	50	1	7	-1	20	27	-1	41	-1	-1	-1	-1	35	44	-1	49
-1	-1	-1	44	-1	62	-1	-1	-1	-1	49	-1	-1	-1	-1	-1	-1	-1	-1	9	-1	-1	-1	34	-1	39	-1	56	-1	7	-1	-1	11	-1	-1	-1	-1	-1	-1	-1	-1	-1	-1	-1	-1	-1	-1	57	-1	19	54	-1	-1	29	47	-1	-1	-1	42	-1	24	-1	58	21
7	22	40	37	-1	-1	-1	42	44	10	3	-1	54	-1	-1	-1	36	13	-1	-1	-1	24	2	-1	-1	32	-1	-1	-1	-1	4	1	-1	-1	48	49	56	-1	-1	43	47	25	50	34	30	-1	-1	-1	-1	-1	-1	-1	-1	-1	38	63	62	-1	-1	46	5	-1	-1	-1
53	32	-1	-1	-1	-1	-1	-1	40	46	50	-1	-1	-1	-1	47	6	-1	42	-1	-1	-1	-1	-1	48	-1	-1	-1	-1	63	19	-1	-1	-1	-1	-1	52	-1	13	31	-1	-1	64	-1	-1	-1	-1	-1	-1	49	23	37	58	-1	-1	-1	-1	26	-1	-1	1	4	7	-1
52	41	48	18	28	-1	-1	-1	12	-1	9	45	-1	-1	4	-1	-1	-1	63	-1	-1	49	-1	21	-1	54	-1	-1	46	13	37	23	14	32	-1	-1	22	59	62	-1	11	35	-1	20	-1	31	-1	-1	-1	-1	56	-1	-1	-1	-1	-1	-1	16	57	64	53	-1	-1	-1
-1	27	-1	-1	5	-1	-1	49	-1	-1	-1	63	-1	-1	-1	-1	-1	18	-1	51	-1	-1	55	-1	-1	-1	-1	-1	-1	-1	-1	2	37	4	42	-1	-1	-1	-1	-1	-1	-1	-1	-1	15	-1	24	9	31	-1	-1	-1	34	-1	11	-1	-1	-1	19	-1	8	-1	-1	-1
57	-1	-1	-1	-1	-1	-1	-1	-1	-1	-1	-1	-1	-1	54	-1	-1	-1	16	-1	-1	58	-1	-1	-1	38	-1	-1	-1	-1	-1	-1	9	-1	-1	15	-1	-1	-1	-1	-1	32	-1	-1	35	46	-1	-1	-1	-1	1	-1	13	18	23	8	-1	-1	-1	-1	-1	63	-1	-1
38	21	-1	-1	-1	20	28	37	-1	42	-1	-1	-1	8	-1	-1	39	-1	44	-1	-1	-1	19	-1	-1	-1	-1	-1	-1	11	-1	50	-1	-1	53	64	17	-1	-1	-1	-1	3	-1	-1	-1	29	25	-1	-1	-1	47	-1	40	-1	12	45	-1	-1	15	16	26	-1	62	-1
-1	44	-1	-1	32	-1	-1	-1	-1	31	4	-1	62	-1	23	6	-1	-1	-1	57	-1	-1	35	60	36	-1	-1	-1	14	51	26	-1	-1	-1	-1	40	50	29	3	-1	-1	15	38	63	-1	9	11	52	-1	53	-1	-1	22	37	19	30	-1	-1	-1	41	-1	-1	-1	48
-1	42	-1	15	24	-1	-1	52	-1	-1	41	-1	-1	51	-1	-1	49	-1	38	-1	45	-1	64	28	54	-1	37	-1	-1	-1	-1	-1	-1	16	-1	-1	12	-1	-1	20	13	19	4	21	-1	-1	7	60	-1	44	-1	-1	-1	43	61	5	-1	-1	17	-1	-1	8	47	-1
31	36	5	-1	-1	-1	8	-1	-1	-1	13	15	-1	19	-1	17	4	11	-1	-1	59	-1	61	-1	43	-1	35	63	2	18	-1	-1	-1	-1	54	-1	-1	27	-1	23	45	-1	-1	-1	-1	-1	-1	44	9	-1	-1	-1	-1	-1	-1	-1	-1	-1	37	-1	-1	1	-1	6
62	-1	19	29	-1	-1	51	18	-1	-1	5	27	-1	-1	60	49	-1	-1	-1	50	-1	47	-1	20	15	24	-1	-1	-1	-1	-1	-1	-1	-1	-1	48	44	-1	35	26	-1	-1	23	-1	-1	-1	-1	-1	-1	-1	-1	-1	42	-1	-1	-1	-1	-1	-1	2	25	-1	-1	-1
-1	-1	60	-1	13	41	-1	-1	10	-1	2	12	-1	-1	-1	-1	-1	-1	-1	54	-1	-1	31	62	-1	58	3	-1	-1	-1	-1	-1	-1	22	14	-1	49	-1	-1	-1	-1	-1	-1	53	-1	64	-1	-1	28	-1	50	-1	-1	35	15	20	11	32	-1	-1	-1	-1	-1	-1
17	-1	-1	11	-1	27	-1	46	-1	35	-1	-1	-1	-1	-1	-1	-1	34	36	63	-1	-1	18	32	9	-1	-1	22	-1	12	-1	-1	-1	-1	-1	61	-1	42	19	-1	2	-1	-1	5	-1	50	-1	-1	54	-1	6	-1	29	-1	41	-1	7	-1	-1	-1	-1	43	-1	-1
