6
1
5	-1	17	35	-1	-1	-1	-1	-1	-1	-1	12	-1	-1	-1	29	-1	-1	-1	6	-1	-1	-1	24	-1	-1	-1	-1	-1	15	-1	-1	-1	-1	-1	8
-1	-1	15	-1	-1	12	-1	-1	-1	-1	-1	-1	-1	-1	22	-1	-1	-1	20	36	-1	-1	-1	-1	-1	-1	-1	-1	-1	13	-1	16	27	-1	26	-1
-1	-1	-1	10	-1	19	-1	-1	36	-1	-1	4	35	13	9	-1	-1	-1	-1	-1	33	-1	22	18	17	-1	-1	-1	8	-1	-1	5	-1	31	-1	-1
-1	31	-1	-1	23	-1	2	-1	6	-1	-1	-1	-1	-1	-1	-1	-1	-1	-1	9	-1	-1	-1	-1	29	-1	22	12	-1	-1	-1	-1	-1	7	-1	-1
-1	-1	-1	-1	-1	-1	-1	-1	23	21	24	-1	-1	-1	-1	17	-1	-1	12	-1	-1	-1	19	-1	-1	2	-1	-1	4	-1	-1	-1	-1	-1	1	-1
25	-1	-1	27	-1	29	-1	18	5	30	-1	22	-1	-1	26	20	-1	-1	-1	-1	16	21	-1	-1	-1	-1	-1	-1	3	-1	-1	-1	-1	-1	13	-1
-1	-1	1	-1	-1	-1	-1	-1	-1	4	-1	-1	-1	-1	19	-1	-1	31	-1	-1	15	-1	6	-1	-1	-1	-1	-1	-1	-1	-1	-1	-1	-1	-1	-1
4	5	-1	21	-1	6	-1	-1	-1	-1	12	-1	20	7	28	-1	10	-1	-1	-1	-1	-1	-1	-1	-1	11	34	-1	-1	-1	-1	30	-1	-1	-1	-1
-1	9	-1	-1	-1	-1	-1	27	-1	6	-1	-1	34	-1	36	-1	33	-1	-1	-1	-1	-1	-1	-1	4	-1	-1	-1	17	21	-1	-1	-1	-1	-1	-1
8	32	-1	-1	-1	-1	-1	19	-1	28	-1	24	-1	26	6	-1	17	-1	34	-1	4	12	-1	-1	-1	3	35	-1	-1	10	-1	-1	-1	-1	-1	-1
34	-1	10	-1	-1	-1	-1	23	-1	-1	-1	-1	-1	-1	30	-1	27	-1	-1	3	-1	-1	-1	-1	-1	-1	7	26	-1	22	-1	-1	21	-1	-1	-1
-1	-1	-1	-1	-1	-1	-1	-1	-1	8	-1	7	-1	22	23	-1	-1	-1	10	-1	-1	35	1	32	-1	18	-1	28	-1	5	-1	-1	-1	4	-1	34
18	-1	-1	-1	31	-1	-1	-1	4	-1	-1	-1	-1	-1	2	-1	36	-1	28	32	21	-1	-1	-1	20	-1	33	23	-1	9	-1	-1	-1	-1	10	-1
1	-1	24	-1	19	-1	-1	29	35	-1	-1	-1	-1	-1	31	-1	-1	-1	5	13	-1	-1	-1	-1	-1	-1	28	-1	-1	34	33	-1	-1	-1	-1	-1
-1	-1	-1	-1	-1	-1	-1	-1	-1	-1	-1	14	-1	-1	-1	-1	22	-1	-1	-1	9	-1	-1	-1	-1	5	-1	-1	-1	-1	27	1	26	-1	-1	7
28	35	-1	-1	14	25	-1	-1	-1	5	-1	19	-1	34	1	26	-1	-1	-1	-1	18	-1	-1	4	-1	-1	24	-1	-1	-1	22	17	-1	-1	-1	-1
-1	-1	-1	-1	-1	10	-1	22	-1	12	34	-1	-1	-1	32	-1	35	-1	-1	14	30	1	-1	-1	-1	-1	26	-1	-1	-1	-1	24	-1	-1	15	-1
-1	-1	21	-1	-1	15	-1	-1	28	-1	26	30	-1	-1	5	-1	4	-1	-1	34	10	19	36	22	-1	35	-1	-1	-1	-1	-1	-1	-1	-1	-1	-1
-1	23	-1	-1	-1	-1	1	-1	-1	24	-1	-1	3	-1	-1	-1	16	-1	-1	-1	-1	-1	-1	11	-1	19	17	30	-1	-1	7	-1	-1	-1	-1	-1
11	-1	-1	-1	-1	-1	-1	-1	-1	22	-1	23	-1	-1	-1	9	-1	-1	32	33	-1	30	-1	28	5	6	-1	-1	-1	12	21	-1	18	-1	34	-1
-1	7	-1	-1	-1	14	-1	-1	-1	-1	27	-1	-1	-1	-1	-1	-1	-1	-1	-1	-1	-1	8	26	-1	15	32	-1	-1	-1	-1	-1	28	-1	-1	31
-1	34	35	-1	-1	-1	6	-1	-1	-1	-1	28	17	23	-1	-1	-1	30	-1	-1	-1	-1	-1	-1	-1	26	-1	-1	16	11	-1	-1	15	27	33	-1
-1	8	3	-1	-1	-1	-1	-1	-1	-1	30	-1	4	-1	-1	-1	-1	-1	-1	10	-1	-1	-1	-1	7	31	-1	35	-1	-1	12	9	16	-1	-1	24
-1	21	-1	-1	-1	-1	-1	12	-1	31	25	-1	-1	-1	24	-1	8	-1	14	-1	-1	15	-1	2	-1	22	-1	-1	-1	-1	-1	-1	-1	11	-1	-1
-1	-1	-1	-1	-1	-1	-1	-1	-1	25	35	-1	-1	-1	-1	-1	-1	14	-1	-1	-1	-1	-1	-1	-1	-1	-1	20	-1	-1	-1	-1	-1	2	-1	-1
-1	-1	27	-1	-1	-1	-1	-1	-1	-1	-1	-1	-1	-1	7	2	21	-1	26	-1	-1	-1	-1	-1	10	8	5	-1	-1	24	-1	-1	9	-1	-1	29
-1	-1	-1	-1	8	-1	16	-1	-1	23	-1	-1	12	-1	-1	4	-1	-1	-1	-1	29	13	15	36	28	-1	-1	-1	1	-1	-1	-1	-1	35	-1	10
23	24	2	-1	-1	5	-1	-1	-1	-1	-1	-1	-1	-1	-1	-1	26	17	-1	8	-1	-1	-1	16	-1	-1	25	4	-1	-1	-1	-1	34	-1	27	-1
16	-1	-1	-1	-1	-1	27	36	-1	-1	-1	-1	10	-1	34	-1	-1	-1	21	-1	-1	-1	-1	-1	-1	-1	-1	-1	-1	-1	13	-1	3	-1	-1	-1
-1	28	-1	-1	-1	-1	-1	-1	-1	-1	-1	-1	15	-1	-1	25	11	-1	31	17	27	23	-1	20	-1	16	-1	22	21	-1	-1	-1	-1	-1	-1	-1
35	-1	-1	-1	17	-1	-1	30	-1	-1	-1	-1	-1	32	8	-1	-1	23	-1	-1	-1	-1	26	-1	19	-1	-1	-1	22	-1	-1	27	11	-1	-1	36
14	-1	-1	-1	-1	-1	28	26	19	16	-1	-1	18	-1	25	-1	-1	-1	-1	-1	-1	-1	-1	12	-1	-1	-1	-1	-1	17	-1	21	13	-1	29	22
-1	-1	28	8	21	-1	-1	-1	-1	-1	-1	34	30	-1	17	-1	3	-1	-1	-1	-1	36	2	23	31	-1	-1	-1	-1	-1	-1	-1	-1	-1	-1	-1
-1	-1	-1	19	-1	-1	-1	-1	-1	-1	-1	-1	29	-1	-1	36	-1	-1	33	-1	-1	17	5	-1	-1	-1	21	-1	-1	-1	-1	-1	-1	-1	-1	-1
-1	10	12	-1	-1	11	-1	-1	-1	29	-1	-1	-1	-1	-1	-1	-1	-1	4	-1	-1	-1	-1	8	-1	-1	-1	-1	-1	2	-1	-1	31	-1	-1	15
2	-1	-1	-1	-1	-1	-1	-1	-1	-1	-1	-1	-1	27	-1	-1	13	6	7	-1	-1	-1	-1	-1	-1	-1	-1	-1	5	-1	19	-1	32	-1	-1	-1
