8
1
20	-1	55	42	36	-1	-1	26	38	7	-1	43	49	63	25	45	18	61	5	30	64	60	-1	-1	-1	-1	22	-1	-1	56	27	12	15	47	16	9	13	28	51	10	41	-1	34	52	3	57	8	4	1	-1	21	62	48	19	2	24	46	40	33	-1	-1	11	31	29
50	-1	3	28	40	19	-1	23	21	9	36	-1	47	52	48	22	34	8	41	29	12	53	59	45	11	2	38	6	-1	1	7	5	61	33	-1	30	46	31	32	26	51	56	54	44	25	62	15	-1	63	-1	58	10	39	4	-1	-1	37	42	18	35	49	24	-1	55
21	13	-1	29	2	-1	16	57	59	3	37	-1	-1	-1	-1	58	24	51	-1	4	10	55	22	-1	19	39	40	33	60	9	63	61	5	50	53	62	35	48	42	17	12	43	18	26	14	47	7	49	11	-1	8	20	-1	-1	45	54	-1	-1	41	6	23	34	-1	28
-1	60	53	10	-1	58	37	51	15	62	44	30	-1	4	12	39	13	31	23	-1	38	26	1	-1	41	49	-1	52	64	-1	43	-1	29	56	2	7	3	40	54	20	-1	50	63	32	36	46	24	-1	55	-1	6	14	-1	25	42	33	19	27	57	16	-1	48	9	45
31	33	24	4	34	-1	8	18	51	5	56	11	54	41	1	-1	-1	49	16	46	3	63	17	57	-1	32	-1	20	55	50	15	42	6	-1	44	14	23	-1	60	-1	-1	48	30	-1	19	-1	-1	2	47	-1	35	40	29	26	-1	7	21	-1	59	43	-1	36	-1	12
41	15	44	59	17	-1	25	22	18	40	64	-1	20	61	33	8	52	27	39	50	62	-1	-1	7	37	10	57	45	26	3	48	21	49	63	1	55	36	24	12	19	-1	38	23	53	5	11	29	-1	9	34	51	31	30	28	56	43	60	-1	54	58	13	32	47	4
30	9	12	63	64	49	48	1	2	6	23	34	16	57	19	13	20	15	47	54	44	40	-1	-1	35	24	62	25	8	29	-1	14	11	-1	-1	-1	18	-1	59	43	37	-1	28	42	31	-1	17	33	38	-1	46	53	41	-1	5	22	3	10	56	61	-1	-1	51	7
32	-1	45	61	7	27	11	47	60	-1	35	-1	53	24	-1	26	56	33	14	42	43	-1	28	19	51	31	4	-1	30	46	16	54	41	22	38	34	58	8	57	39	6	9	13	40	10	1	20	21	59	23	36	37	49	-1	3	12	2	15	25	5	63	52	17	64
-1	16	-1	-1	44	50	49	3	-1	51	6	63	43	36	26	62	31	42	29	15	-1	7	60	12	-1	-1	19	35	48	30	59	-1	39	34	46	33	4	57	-1	-1	56	13	10	-1	40	23	58	24	-1	25	54	28	8	2	20	27	47	32	-1	53	-1	41	52	5
34	42	40	-1	63	17	21	-1	46	14	-1	-1	15	28	64	12	54	-1	-1	33	20	3	10	-1	-1	55	6	36	-1	-1	-1	2	24	19	13	-1	50	-1	44	-1	16	11	-1	35	52	4	41	30	49	51	29	23	43	47	38	58	39	1	45	8	61	-1	-1	31
6	55	59	38	9	12	26	46	22	24	33	61	11	37	4	49	64	25	45	35	47	44	27	43	7	-1	31	29	17	23	3	41	-1	52	15	40	63	14	21	-1	-1	57	32	-1	54	42	51	60	56	5	39	50	13	1	36	16	30	2	19	-1	48	28	10	58
-1	-1	-1	30	-1	10	45	8	5	20	-1	21	19	-1	16	56	63	23	49	-1	26	-1	4	46	24	40	-1	1	28	27	-1	-1	-1	32	-1	47	37	-1	58	7	29	6	2	14	53	39	55	17	-1	3	18	64	12	9	15	62	38	22	-1	36	-1	-1	44	51
58	41	-1	37	5	47	-1	39	-1	53	27	2	17	44	18	52	50	59	8	40	-1	36	51	-1	-1	4	-1	54	43	13	-1	63	3	45	23	64	30	55	-1	11	28	62	12	38	-1	15	33	1	24	-1	10	32	6	14	60	61	-1	56	46	-1	-1	7	21	-1
51	36	25	2	20	57	-1	32	41	35	7	-1	-1	-1	29	23	14	22	24	28	1	62	-1	38	-1	47	15	39	52	53	46	-1	-1	17	5	-1	49	10	6	27	9	-1	-1	50	-1	-1	43	63	44	59	30	11	21	34	-1	-1	4	12	-1	-1	-1	3	26	60
43	24	-1	13	62	64	29	15	3	59	39	-1	48	38	-1	54	17	6	30	57	5	56	16	55	-1	11	50	10	32	12	-1	58	28	36	-1	-1	51	60	41	2	46	-1	27	47	-1	7	25	-1	-1	-1	53	-1	-1	31	19	52	18	63	-1	49	-1	23	34	14
48	4	23	52	-1	60	-1	28	45	-1	10	-1	1	-1	32	47	58	11	21	13	39	19	34	2	14	62	64	-1	38	-1	33	44	31	54	12	20	42	61	18	9	8	59	5	22	26	3	49	36	37	55	41	46	63	7	57	40	6	29	-1	24	35	17	43	27
46	38	8	60	25	28	36	56	30	-1	47	5	40	15	50	18	57	41	-1	14	-1	49	23	62	34	51	2	-1	-1	16	24	13	9	-1	27	44	1	-1	3	55	11	22	39	37	7	54	12	64	20	19	26	61	-1	63	-1	4	45	59	35	-1	17	31	33	-1
-1	-1	15	26	-1	24	41	-1	34	1	61	53	64	25	49	19	8	7	11	2	-1	21	31	27	33	59	18	9	29	60	44	36	62	58	17	51	54	-1	-1	40	48	23	20	-1	57	56	35	47	46	42	-1	43	5	3	55	6	50	-1	-1	14	-1	12	39	22
-1	45	62	12	47	16	9	10	42	36	20	58	-1	-1	-1	46	29	24	26	-1	4	13	53	48	31	63	-1	11	27	38	30	56	60	39	-1	35	5	-1	-1	15	-1	19	17	43	-1	2	21	-1	-1	54	-1	-1	40	33	14	-1	44	7	3	25	34	-1	6	23
14	11	2	43	58	44	5	-1	52	16	3	27	9	48	39	37	33	19	36	47	-1	-1	56	17	15	12	-1	4	45	40	23	-1	8	18	63	31	-1	34	-1	-1	42	25	55	13	24	6	26	38	-1	35	-1	57	59	62	51	30	41	61	53	46	-1	64	1	54
-1	53	54	19	42	7	52	50	11	2	63	-1	31	-1	57	38	-1	12	10	18	-1	45	-1	34	6	35	41	43	61	26	47	55	33	48	-1	4	28	37	23	-1	32	49	-1	-1	62	8	60	3	64	27	22	39	56	16	-1	-1	24	13	21	51	36	5	58	40
40	57	20	3	39	31	-1	29	-1	45	62	-1	56	23	43	28	16	38	1	-1	54	61	46	35	49	14	-1	7	-1	48	25	-1	-1	24	6	10	53	19	30	-1	44	33	50	59	9	58	18	-1	-1	2	12	60	47	-1	41	34	42	4	63	15	11	55	-1	26
59	18	35	-1	48	61	1	27	24	4	-1	7	33	55	6	29	3	40	-1	44	28	-1	-1	42	54	57	8	19	-1	32	39	64	12	2	25	41	21	16	11	22	45	15	36	63	51	5	-1	-1	10	53	17	38	9	23	31	13	52	20	62	-1	56	-1	60	30
55	-1	30	32	-1	-1	33	34	-1	21	54	35	12	14	60	41	5	-1	-1	63	59	20	25	39	52	58	3	28	50	42	1	62	7	13	56	-1	26	46	43	47	40	-1	4	-1	-1	27	31	-1	8	36	-1	15	44	24	37	11	-1	18	9	2	57	-1	38	19
11	21	18	40	3	6	60	5	26	29	-1	16	2	56	15	7	44	17	48	49	19	51	-1	1	12	45	27	64	23	55	14	35	22	10	34	37	-1	63	47	59	25	32	38	28	58	-1	9	50	31	-1	43	54	4	8	24	-1	13	36	52	57	53	33	61	42
26	-1	48	53	14	43	64	17	36	-1	21	19	34	5	40	57	12	-1	42	-1	55	58	-1	-1	44	-1	61	-1	31	49	-1	52	38	-1	33	28	45	-1	13	-1	47	41	59	18	1	30	22	-1	7	63	11	27	23	60	25	35	-1	-1	2	10	39	54	15	62
39	19	61	54	-1	-1	-1	52	6	63	28	18	38	11	-1	24	-1	13	56	-1	33	10	45	30	-1	-1	-1	51	1	57	-1	4	20	41	31	-1	62	-1	2	48	21	34	64	27	12	-1	-1	-1	36	29	-1	5	-1	40	49	53	55	-1	-1	59	25	-1	-1	44
-1	28	32	-1	56	33	47	-1	49	27	55	59	46	35	44	-1	39	18	64	6	14	15	26	-1	30	3	43	-1	54	-1	53	10	42	57	51	58	9	11	-1	25	23	36	37	-1	63	24	5	-1	48	21	61	-1	62	52	13	20	22	60	-1	1	19	4	40	41
49	23	57	24	16	13	4	-1	25	39	41	52	42	12	14	60	22	-1	54	27	40	5	8	59	48	7	-1	62	20	63	58	28	32	1	-1	-1	-1	36	26	-1	3	2	35	19	43	51	11	61	18	30	55	33	15	6	34	-1	9	31	64	-1	47	38	46	50
44	10	51	41	15	63	2	12	-1	64	-1	1	-1	9	-1	32	11	35	53	31	46	-1	61	-1	36	-1	-1	47	18	-1	-1	59	-1	60	-1	-1	-1	23	5	-1	55	52	7	4	49	40	39	13	22	58	50	42	26	57	17	-1	56	-1	48	-1	45	6	3	21
37	-1	-1	36	-1	25	42	59	53	58	-1	4	-1	33	10	31	7	21	-1	38	34	-1	3	60	40	13	-1	26	11	41	-1	-1	50	55	29	24	15	12	46	35	62	54	44	-1	8	-1	-1	57	2	64	47	-1	1	51	28	19	32	17	23	20	14	63	18	49
62	35	-1	1	46	-1	7	-1	13	23	51	54	45	-1	-1	48	41	4	57	24	36	2	-1	32	42	22	25	50	21	19	38	6	64	49	8	-1	40	52	61	-1	-1	-1	29	31	-1	33	10	26	16	14	56	59	3	39	44	9	-1	28	12	37	27	58	5	-1
35	-1	43	39	-1	-1	-1	-1	56	30	17	28	14	-1	5	3	19	20	9	62	52	29	11	-1	-1	41	23	59	-1	4	13	33	27	-1	48	2	16	22	8	34	38	61	57	60	42	25	-1	-1	54	-1	24	7	46	21	40	47	10	51	36	-1	-1	-1	32	53
54	56	63	-1	24	62	32	64	58	26	46	-1	18	51	59	61	35	-1	28	48	27	57	14	41	43	29	12	-1	2	20	22	39	37	4	7	-1	-1	-1	1	21	34	8	-1	9	-1	36	47	10	23	17	31	-1	11	53	30	-1	15	-1	42	52	16	40	55	13
-1	1	-1	57	-1	36	-1	-1	29	11	32	-1	7	62	53	20	23	-1	4	8	37	46	21	26	9	64	16	34	42	44	49	48	-1	-1	50	59	55	-1	33	31	24	18	43	54	22	-1	40	28	52	10	-1	-1	27	45	61	41	12	30	-1	63	2	47	25	56
-1	61	-1	46	59	8	-1	30	44	12	-1	9	50	-1	63	55	-1	54	40	-1	13	33	47	49	-1	53	-1	-1	57	28	52	24	-1	-1	-1	11	41	-1	39	56	15	27	-1	51	-1	31	37	29	-1	4	-1	-1	20	38	35	60	64	-1	26	22	-1	43	48	34
-1	-1	33	47	27	4	-1	-1	43	52	-1	-1	21	10	31	64	42	34	60	61	56	30	-1	22	63	25	54	38	62	58	32	26	40	-1	18	19	-1	45	20	29	7	-1	-1	23	35	17	-1	12	3	37	13	-1	51	59	9	15	14	39	28	11	41	46	49	-1
52	12	-1	23	-1	-1	34	25	35	22	48	57	13	40	8	-1	38	16	6	59	31	50	43	-1	61	56	47	15	36	5	-1	7	10	44	-1	60	-1	49	53	-1	26	1	11	2	30	55	32	39	42	33	28	29	18	-1	64	63	20	3	24	54	4	19	62	-1
9	-1	-1	5	-1	20	6	38	47	41	42	24	60	-1	34	33	-1	-1	-1	1	25	12	64	-1	50	19	51	27	10	37	-1	40	52	28	30	63	43	54	-1	61	49	-1	21	45	4	13	62	-1	14	8	32	48	-1	-1	26	-1	35	44	29	-1	18	59	57	17
22	48	29	31	13	40	-1	14	54	49	38	-1	4	-1	-1	-1	32	2	15	10	18	17	5	44	46	1	30	8	35	-1	45	3	-1	12	-1	42	47	51	36	24	-1	63	52	41	64	53	50	-1	19	39	34	-1	-1	43	62	56	27	-1	58	21	9	60	7	-1
-1	30	27	58	8	48	18	42	28	46	16	23	55	22	20	34	10	62	19	45	53	35	6	4	2	50	1	13	15	54	60	-1	44	40	47	-1	29	41	64	57	36	-1	-1	25	-1	38	-1	-1	33	49	59	63	37	11	43	-1	31	52	5	-1	32	21	14	-1
10	52	46	-1	41	11	59	-1	1	13	19	-1	27	-1	-1	53	40	28	63	43	8	16	36	64	32	21	29	14	44	39	-1	-1	54	-1	60	23	25	3	34	5	33	26	31	62	45	18	57	9	61	24	42	47	22	17	12	2	-1	-1	51	4	55	20	56	-1
24	47	37	55	49	32	62	-1	33	61	9	38	30	-1	42	5	27	57	18	56	2	14	13	23	-1	17	48	31	63	6	34	53	58	11	19	50	10	20	-1	51	52	28	8	7	41	44	59	35	-1	-1	40	3	25	46	39	21	-1	-1	22	60	12	16	54	-1
16	20	39	-1	22	45	-1	53	63	-1	52	-1	29	50	41	25	46	55	31	60	9	59	-1	5	47	26	42	23	-1	61	4	27	-1	15	28	-1	-1	30	56	33	43	64	-1	-1	-1	34	1	32	13	62	-1	19	-1	10	54	-1	57	11	44	48	6	35	37	36
29	40	-1	64	19	2	31	-1	10	60	59	49	24	18	21	-1	-1	26	38	58	17	54	44	-1	8	-1	11	5	33	62	51	-1	35	9	61	52	6	1	-1	45	50	12	56	15	27	37	13	42	57	-1	23	41	34	20	-1	-1	25	43	-1	3	30	53	-1	46
1	34	50	7	-1	-1	13	43	57	31	11	51	44	54	45	35	30	32	12	39	49	24	15	3	16	18	20	41	37	25	28	38	59	-1	-1	17	27	62	48	-1	53	47	22	5	46	21	4	-1	60	6	64	8	52	56	58	55	29	9	61	19	10	2	42	33
28	26	60	51	-1	35	17	-1	64	32	4	12	8	2	56	15	37	50	-1	41	29	-1	33	25	3	52	7	58	49	10	57	43	21	-1	42	38	22	39	24	53	20	14	6	11	16	63	19	55	5	48	9	36	45	30	27	-1	23	62	-1	-1	59	18	13	47
61	5	38	25	33	3	57	9	-1	47	40	6	62	26	-1	36	1	52	22	21	51	-1	42	20	56	46	59	55	12	24	64	19	-1	31	43	13	7	2	16	32	-1	-1	60	-1	48	49	54	23	4	-1	15	35	50	44	53	28	34	41	17	27	58	45	8	-1
12	49	52	20	60	59	-1	24	-1	19	15	26	36	31	30	-1	61	44	-1	5	57	64	55	-1	-1	28	35	40	25	21	8	32	2	53	-1	46	34	18	10	41	13	3	58	6	56	-1	-1	48	51	43	-1	17	33	37	47	29	54	23	4	-1	7	42	11	39
8	39	41	-1	-1	34	30	40	-1	56	24	62	10	3	-1	-1	45	43	20	53	50	-1	12	52	29	54	44	-1	9	31	18	23	-1	38	11	6	64	47	63	16	1	-1	-1	33	-1	22	-1	5	-1	7	-1	58	36	55	-1	59	61	49	14	-1	60	13	19	-1
15	51	36	33	21	53	44	54	23	55	49	-1	25	60	58	59	4	48	46	3	11	8	29	6	27	42	26	22	19	64	17	57	43	61	24	1	-1	9	37	-1	14	20	41	34	38	10	52	7	39	28	2	30	16	50	32	5	-1	35	47	-1	31	62	63	-1
4	17	7	-1	29	-1	-1	58	-1	54	12	14	-1	20	38	51	21	30	34	36	35	9	-1	56	10	-1	13	63	41	-1	2	47	57	27	-1	48	-1	15	50	3	-1	60	42	-1	-1	32	23	44	62	31	25	26	24	61	11	49	53	55	8	28	46	22	64	59
3	2	31	35	57	9	63	-1	-1	33	29	47	-1	-1	-1	21	28	10	17	26	23	-1	39	13	62	30	53	-1	7	43	55	51	45	20	54	32	52	25	14	49	64	4	46	8	59	50	36	18	12	40	60	34	19	42	1	44	-1	5	6	41	15	-1	24	48
25	14	26	6	-1	42	50	-1	-1	18	-1	-1	57	17	13	43	2	-1	59	22	41	31	-1	-1	-1	61	-1	46	16	33	-1	-1	55	-1	4	5	44	7	19	58	30	51	-1	-1	47	12	28	62	27	52	20	-1	54	35	-1	-1	36	21	-1	34	3	10	29	-1
19	46	13	18	32	5	55	16	-1	44	34	-1	63	-1	-1	4	60	47	37	51	7	-1	-1	33	-1	48	-1	3	24	14	6	50	30	42	62	56	31	35	-1	36	54	29	40	39	11	26	2	15	53	45	57	22	10	64	21	23	17	25	43	38	52	1	12	-1
47	64	22	62	10	56	23	11	7	28	-1	39	52	27	46	-1	25	-1	58	19	24	32	54	14	1	20	-1	49	4	15	-1	34	26	8	-1	21	59	29	17	-1	31	45	53	57	55	35	61	43	6	9	-1	-1	38	-1	-1	-1	33	37	30	-1	51	44	-1	16
23	3	64	17	-1	37	22	41	61	-1	50	33	39	13	28	40	59	36	35	34	-1	47	19	-1	26	27	52	42	14	7	62	-1	4	30	-1	15	11	56	25	-1	-1	44	9	-1	60	-1	46	54	58	57	16	18	55	49	-1	1	5	-1	20	12	-1	51	53	32
57	25	6	11	-1	21	61	-1	14	37	58	10	-1	-1	2	30	51	-1	27	64	42	1	50	-1	23	8	63	48	-1	36	20	15	-1	16	3	29	24	33	40	38	4	35	62	55	18	28	53	19	32	46	44	-1	7	5	22	45	59	47	31	17	43	56	41	52
63	-1	49	16	4	30	19	62	12	48	60	56	23	7	36	11	26	29	55	25	15	-1	41	8	64	43	-1	24	51	45	54	46	47	5	10	57	2	53	35	-1	17	37	33	3	32	61	38	6	40	20	-1	21	31	13	59	42	28	58	-1	39	22	-1	50	1
7	58	5	50	26	-1	-1	48	19	42	18	55	-1	64	24	6	53	56	33	9	22	28	52	61	25	60	21	57	34	-1	10	1	46	43	37	36	-1	32	-1	-1	-1	40	47	12	20	59	16	8	30	11	63	51	35	29	4	-1	-1	-1	49	13	44	15	-1	3
53	32	47	56	43	-1	24	2	-1	15	8	22	59	21	52	9	62	3	13	17	45	-1	57	-1	4	44	55	61	58	35	40	-1	19	-1	41	54	20	50	27	-1	-1	7	51	1	39	29	34	31	26	38	-1	25	-1	48	6	37	63	46	-1	64	42	30	36	10
-1	54	10	-1	52	15	20	-1	62	-1	45	32	5	-1	-1	44	-1	46	-1	-1	58	4	38	-1	-1	6	33	53	-1	-1	19	31	1	59	55	26	-1	64	22	28	63	-1	-1	48	23	41	30	11	43	56	3	24	60	-1	50	-1	8	57	37	18	21	25	16	2
-1	59	28	34	1	51	40	60	27	43	-1	46	3	53	47	17	6	-1	-1	20	21	39	30	-1	22	-1	32	12	5	-1	-1	37	63	7	-1	8	48	44	9	-1	57	-1	26	49	-1	45	-1	-1	41	15	62	52	61	-1	23	64	11	19	55	33	38	-1	-1	35
45	8	42	14	55	29	46	-1	4	-1	25	20	-1	-1	54	63	-1	-1	-1	32	16	37	48	31	28	38	56	-1	-1	59	41	11	13	51	49	39	60	-1	62	-1	58	24	15	36	-1	52	64	-1	34	47	19	2	53	12	10	17	-1	26	27	-1	-1	-1	-1	6
